240   120   
5   10   
5 5 5 5 5 5 5 5 5 5 5 5 5 5 5 5 5 5 5 5 5 5 5 5 5 5 5 5 5 5 5 5 5 5 5 5 5 5 5 5 5 5 5 5 5 5 5 5 5 5 5 5 5 5 5 5 5 5 5 5 5 5 5 5 5 5 5 5 5 5 5 5 5 5 5 5 5 5 5 5 5 5 5 5 5 5 5 5 5 5 5 5 5 5 5 5 5 5 5 5 5 5 5 5 5 5 5 5 5 5 5 5 5 5 5 5 5 5 5 5 5 5 5 5 5 5 5 5 5 5 5 5 5 5 5 5 5 5 5 5 5 5 5 5 5 5 5 5 5 5 5 5 5 5 5 5 5 5 5 5 5 5 5 5 5 5 5 5 5 5 5 5 5 5 5 5 5 5 5 5 5 5 5 5 5 5 5 5 5 5 5 5 5 5 5 5 5 5 5 5 5 5 5 5 5 5 5 5 5 5 5 5 5 5 5 5 5 5 5 5 5 5 5 5 5 5 5 5 5 5 5 5 5 5 5 5 5 5 5 5 
10 10 10 10 10 10 10 10 10 10 10 10 10 10 10 10 10 10 10 10 10 10 10 10 10 10 10 10 10 10 10 10 10 10 10 10 10 10 10 10 10 10 10 10 10 10 10 10 10 10 10 10 10 10 10 10 10 10 10 10 10 10 10 10 10 10 10 10 10 10 10 10 10 10 10 10 10 10 10 10 10 10 10 10 10 10 10 10 10 10 10 10 10 10 10 10 10 10 10 10 10 10 10 10 10 10 10 10 10 10 10 10 10 10 10 10 10 10 10 10 
59  103  20  39  106  
12  47  60  99  120  
11  49  72  22  35  
26  102  37  61  23  
33  85  65  84  92  
8  74  116  69  70  
110  46  75  13  115  
63  5  6  101  71  
93  42  87  82  14  
38  76  54  119  68  
51  2  95  19  50  
52  32  67  56  36  
25  107  16  97  98  
66  48  9  29  112  
27  88  45  44  10  
41  64  114  94  58  
90  31  57  73  79  
30  80  111  17  7  
28  55  24  109  62  
105  3  91  53  1  
15  83  40  78  108  
4  77  96  89  104  
16  21  118  86  81  
68  100  18  43  34  
65  74  44  14  117  
76  71  70  117  113  
39  50  60  58  56  
99  105  97  62  29  
40  45  33  18  101  
100  8  112  25  118  
24  19  116  42  46  
38  51  115  26  28  
79  114  69  119  84  
23  9  77  1  36  
72  5  85  93  20  
94  31  49  59  6  
2  87  57  113  107  
63  4  61  86  78  
91  34  106  96  32  
102  11  67  82  88  
30  64  10  110  109  
55  98  53  52  89  
95  90  103  3  54  
47  41  21  37  15  
22  66  17  108  13  
120  92  27  12  48  
111  83  35  104  43  
49  81  73  80  75  
48  14  97  90  7  
5  45  114  8  31  
37  16  106  101  30  
40  39  9  117  94  
82  53  78  107  76  
10  105  100  115  84  
102  41  7  33  27  
21  91  19  72  69  
38  44  83  50  63  
11  54  6  13  80  
56  57  51  17  104  
110  58  2  62  1  
112  20  28  22  92  
109  47  46  32  103  
120  18  65  111  60  
96  70  42  98  79  
29  67  64  116  75  
34  66  23  52  86  
95  73  68  108  87  
93  15  61  88  113  
43  55  77  12  118  
119  59  24  36  85  
4  99  26  74  71  
48  25  35  81  89  
69  62  35  66  3  
43  5  113  56  27  
93  19  41  52  120  
77  17  8  64  87  
81  38  15  9  59  
97  51  44  4  13  
89  101  95  112  119  
105  109  36  96  61  
60  11  83  100  106  
7  58  29  49  117  
46  91  107  73  70  
54  57  12  63  74  
6  3  47  65  42  
118  39  1  85  26  
92  24  68  21  30  
34  75  104  53  33  
2  72  78  28  10  
90  111  20  88  116  
103  16  40  80  50  
18  79  55  14  99  
71  32  31  84  86  
114  102  110  76  25  
94  115  22  98  82  
96  26  92  67  108  
118  45  35  105  24  
32  37  28  114  63  
113  99  75  20  31  
101  53  73  58  43  
110  72  52  44  17  
115  57  97  71  109  
54  15  16  67  112  
41  23  30  4  87  
120  74  62  104  38  
47  45  106  116  80  
59  60  69  93  40  
103  33  42  55  1  
7  100  21  5  39  
82  50  85  48  49  
119  6  117  98  64  
79  65  12  66  2  
90  56  29  81  70  
83  22  51  14  91  
8  102  3  46  36  
76  9  86  10  18  
61  11  111  19  68  
34  94  77  107  37  
89  88  84  13  23  
45  95  42  52  78  
99  108  24  86  3  
33  25  109  59  91  
71  14  77  15  39  
116  27  98  38  21  
69  48  117  111  41  
50  32  97  53  100  
28  84  67  87  94  
10  57  85  8  35  
44  81  6  96  19  
64  70  66  60  25  
22  61  65  55  114  
79  95  58  113  80  
101  105  23  90  74  
29  76  36  31  72  
51  1  120  5  37  
27  49  2  89  17  
93  18  118  92  104  
107  7  106  56  13  
82  9  26  34  63  
119  73  40  110  47  
115  11  78  30  20  
75  62  16  12  68  
88  108  112  4  103  
63  88  46  51  48  
93  57  43  110  89  
58  55  54  108  34  
16  28  4  49  14  
61  84  46  83  76  
111  62  102  5  115  
40  75  30  74  85  
43  25  47  120  54  
102  72  105  77  59  
50  87  69  6  118  
114  2  70  103  9  
35  113  26  19  17  
8  65  56  38  24  
31  81  116  83  7  
107  12  117  10  36  
112  109  86  68  45  
11  99  52  39  101  
64  42  13  27  32  
29  21  119  23  53  
97  92  1  73  41  
78  98  90  66  80  
22  60  37  67  44  
15  82  95  91  18  
104  71  94  100  3  
24  79  33  111  106  
101  2  100  20  96  
31  15  109  120  80  
95  34  114  39  29  
48  105  37  33  57  
96  7  82  86  74  
90  55  83  32  17  
44  58  92  40  70  
110  68  79  3  50  
36  14  47  26  20  
77  116  5  112  73  
113  18  11  94  38  
104  117  87  81  52  
62  23  45  98  63  
66  61  49  41  54  
8  6  12  78  91  
103  27  93  35  51  
67  46  10  4  118  
88  25  71  119  22  
69  53  106  115  64  
76  16  65  99  13  
60  42  9  102  107  
72  84  1  56  30  
89  85  108  28  19  
75  97  59  43  21  
98  101  35  54  9  
84  45  11  57  96  
32  10  113  40  24  
8  37  75  2  108  
42  119  18  48  74  
117  26  88  97  120  
77  25  51  80  68  
33  72  23  82  58  
62  6  70  36  112  
1  15  49  111  76  
99  100  30  22  116  
87  29  19  5  38  
16  92  110  90  60  
91  41  118  20  17  
78  31  105  13  21  
7  52  28  103  79  
56  93  3  115  73  
71  27  95  107  65  
55  63  104  64  85  
39  59  44  106  46  
50  14  114  109  67  
43  102  4  66  81  
83  94  86  53  12  
61  89  47  34  69  
11  107  50  41  75  
26  105  95  66  30  
32  43  7  112  76  
14  115  23  108  81  
80  52  8  92  61  
62  117  93  34  17  
40  20  29  51  102  
68  48  83  70  65  
57  53  114  88  16  
96  87  59  27  90  
111  37  39  73  86  
47  13  82  10  5  
46  33  35  99  6  
94  103  120  118  72  
18  54  31  106  28  
110  91  116  113  63  
79  97  101  64  38  
25  85  56  44  9  
49  67  74  77  78  
119  55  15  2  4  
3  12  45  19  22  
21  104  84  60  36  
58  42  109  100  89  
1  69  24  98  71  
240  202  190  163  135  108  86  60  34  20  
236  196  169  154  136  112  89  60  37  11  
237  209  176  167  121  115  85  73  43  20  
236  214  185  147  143  104  78  71  38  22  
228  204  178  149  135  109  74  50  35  8  
229  201  183  153  129  111  85  58  36  8  
219  208  173  157  138  109  82  55  49  18  
221  196  183  156  128  115  76  50  30  6  
234  193  189  154  139  116  77  52  34  14  
228  195  185  158  128  116  89  54  41  15  
217  194  179  160  141  117  81  58  40  3  
237  215  183  158  142  112  84  69  46  2  
228  207  188  161  138  119  78  58  45  7  
220  213  177  147  123  114  92  49  25  9  
236  202  170  166  123  103  77  68  44  21  
225  205  188  147  142  103  91  51  23  13  
222  206  174  155  136  101  76  59  45  18  
231  197  179  166  137  116  92  63  29  24  
237  204  191  155  129  117  75  56  31  11  
223  206  177  169  141  99  90  61  35  1  
238  207  192  162  124  109  87  56  44  23  
237  203  186  165  131  114  95  61  45  3  
220  200  181  162  133  119  104  66  34  4  
240  195  168  156  121  97  87  70  31  19  
234  199  186  151  130  122  94  72  30  13  
218  198  177  155  139  96  86  71  32  4  
226  210  184  161  136  124  74  55  46  15  
231  208  191  147  127  98  89  61  32  19  
223  204  171  162  134  113  82  65  28  14  
218  203  190  150  141  104  87  51  41  18  
231  207  170  157  134  99  93  50  36  17  
219  195  174  161  126  98  93  62  39  12  
229  200  172  168  122  108  88  55  29  5  
222  216  171  146  139  118  88  66  39  24  
229  193  184  155  128  97  73  72  47  3  
238  201  177  158  134  115  80  70  34  12  
227  196  172  165  135  118  98  51  44  4  
233  204  179  156  124  105  77  57  32  10  
227  212  171  160  123  109  86  52  27  1  
223  195  175  150  140  107  91  52  29  21  
217  206  182  163  125  104  75  55  44  16  
239  197  189  161  120  108  85  64  31  9  
219  214  192  151  145  100  74  69  47  24  
234  212  175  165  129  101  78  57  25  15  
237  194  181  159  120  106  97  50  29  15  
229  212  185  148  144  115  83  62  31  7  
228  216  177  151  140  106  85  62  44  2  
224  197  172  144  125  110  72  49  46  14  
235  202  182  147  136  110  82  48  36  3  
217  213  176  153  126  110  91  57  27  11  
223  199  184  144  135  114  78  59  32  11  
221  208  180  160  120  101  75  66  42  12  
225  215  187  162  126  100  88  53  42  20  
231  193  182  151  146  103  84  58  43  10  
236  211  174  146  131  108  92  69  42  19  
234  209  190  156  138  113  74  59  27  12  
225  194  172  145  128  102  84  59  37  17  
239  200  175  146  132  100  82  60  27  16  
226  212  192  152  122  107  77  70  36  1  
238  205  189  165  130  107  81  63  27  2  
221  216  182  148  131  117  80  68  38  4  
222  201  181  149  142  105  73  60  28  19  
232  211  181  144  139  98  84  57  38  8  
233  211  187  161  130  111  76  65  41  16  
224  210  188  156  131  112  85  63  25  5  
218  214  182  164  130  112  73  66  45  14  
235  213  185  165  127  103  96  65  40  12  
224  199  176  159  142  117  87  67  24  10  
240  216  187  153  125  107  73  56  33  6  
224  201  175  154  130  113  83  64  26  6  
240  210  186  167  123  102  93  71  26  8  
230  200  190  152  134  101  89  56  35  3  
227  209  178  163  140  100  83  67  48  17  
235  197  173  150  133  105  84  71  25  6  
217  196  192  150  142  99  88  65  48  7  
219  202  188  148  134  116  94  53  26  10  
235  199  178  152  123  118  76  69  34  22  
235  207  183  164  141  120  89  53  38  21  
233  208  176  168  132  112  92  64  33  17  
221  199  170  164  132  106  91  58  48  18  
220  214  180  157  129  113  77  72  48  23  
228  200  173  166  139  110  95  53  40  9  
224  215  174  157  148  114  81  57  47  21  
238  194  190  148  127  119  93  54  33  5  
234  211  191  150  128  110  86  70  35  5  
227  215  173  159  121  116  93  66  38  23  
226  204  180  153  127  104  76  67  37  9  
225  198  186  144  143  119  90  68  40  15  
239  216  191  145  136  119  79  72  42  22  
226  205  174  164  133  113  90  49  43  17  
232  206  183  166  122  114  83  56  39  20  
221  205  175  163  137  96  87  61  46  5  
222  209  184  145  137  107  75  68  35  9  
230  215  179  167  127  118  95  52  36  16  
218  210  171  166  132  120  79  67  43  11  
226  194  173  169  129  96  80  64  39  22  
233  198  192  163  126  102  78  49  28  13  
240  193  181  164  124  111  95  64  42  13  
229  203  188  160  121  99  92  71  28  2  
239  203  169  167  126  109  81  54  30  24  
233  193  169  160  133  100  79  51  29  8  
223  214  189  152  149  115  94  55  40  4  
230  208  184  154  143  108  91  62  43  1  
238  211  180  167  137  105  88  59  47  22  
218  207  172  152  133  97  80  54  28  20  
231  212  187  168  138  106  81  51  39  1  
217  210  189  158  138  118  83  53  37  13  
220  196  191  146  143  121  96  67  45  21  
239  213  170  159  122  102  80  62  41  19  
232  205  176  145  140  101  94  60  41  7  
227  202  168  149  125  117  90  63  47  18  
219  201  178  159  143  103  79  61  30  14  
232  195  179  155  132  99  74  68  37  26  
225  213  171  154  131  98  94  50  33  16  
220  209  187  149  141  102  95  54  32  7  
232  203  178  157  124  106  90  65  31  6  
222  198  180  158  125  111  82  52  26  25  
230  206  185  153  137  97  86  69  30  23  
236  197  186  162  140  111  79  70  33  10  
230  198  170  151  135  105  75  63  46  2  
