192 96 64
4 5 
2 2 2 2 2 2 2 2 2 2 2 2 2 2 2 2 2 2 2 2 2 2 2 2 2 2 2 2 2 2 2 2 2 2 2 2 2 2 2 2 2 2 2 2 2 2 2 2 2 2 2 2 2 2 2 2 2 2 2 2 2 2 2 2 2 2 2 2 2 2 2 2 2 2 2 2 2 2 2 2 2 2 2 2 4 4 4 4 4 4 3 3 3 3 3 3 3 3 3 3 3 3 2 2 2 2 2 2 2 2 2 2 2 2 2 2 2 2 2 2 2 2 2 2 2 2 2 2 2 2 2 2 2 2 2 2 2 2 2 2 2 2 2 2 2 2 2 2 2 2 2 2 2 2 2 2 2 2 2 2 2 2 2 2 2 2 2 2 2 2 2 2 2 2 2 2 2 2 2 2 2 2 2 2 2 2 2 2 2 2 2 2 
4 4 4 4 4 4 4 4 4 4 4 4 4 4 4 4 4 4 4 4 4 4 4 4 5 5 5 5 5 5 4 4 4 4 4 4 4 4 4 4 4 4 5 5 5 5 5 5 5 5 5 5 5 5 4 4 4 4 4 4 5 5 5 5 5 5 4 4 4 4 4 4 4 4 4 4 4 4 4 4 4 4 4 4 4 4 4 4 4 4 4 4 4 4 4 4 
29  24  52  40  
30  29  53  57  
25  24  54  41  
26  37  49  45  
27  54  50  31  
28  52  51  58  
44  15  75  50  
45  8  76  9  
46  53  77  21  
47  58  78  46  
48  33  73  33  
43  51  74  19  
29  25  65  46  
30  53  66  29  
25  16  61  3  
26  16  62  50  
27  45  63  33  
28  7  64  54  
14  31  51  30  
15  37  52  36  
16  27  53  31  
17  17  54  59  
18  34  49  42  
13  34  50  5  
33  15  95  56  
34  15  96  20  
35  45  91  11  
36  14  92  1  
31  3  93  24  
32  24  94  45  
3  5  80  7  
4  4  81  21  
5  44  82  38  
6  5  83  21  
1  40  84  12  
2  32  79  50  
40  31  70  47  
41  16  71  18  
42  28  72  42  
37  19  67  2  
38  33  68  17  
39  35  69  35  
48  23  63  25  
43  10  64  46  
44  35  65  54  
45  48  66  53  
46  48  61  16  
47  29  62  9  
24  43  60  43  
19  53  55  25  
20  17  56  4  
21  43  57  9  
22  26  58  54  
23  52  59  16  
8  16  88  23  
9  7  89  47  
10  7  90  22  
11  59  85  57  
12  19  86  31  
7  3  87  11  
54  25  89  51  
49  48  90  21  
50  58  85  12  
51  39  86  44  
52  30  87  41  
53  53  88  55  
5  8  26  40  
6  49  27  4  
1  42  28  62  
2  2  29  53  
3  10  30  3  
4  56  25  28  
66  44  80  6  
61  47  81  32  
62  29  82  41  
63  62  83  39  
64  12  84  4  
65  15  79  61  
15  31  38  55  
16  56  39  61  
17  61  40  9  
18  53  41  62  
13  12  42  63  
14  47  37  24  
10  40  33  55  58  63  77  1  
11  35  34  49  59  63  78  15  
12  9  35  52  60  16  73  23  
7  17  36  45  55  42  74  32  
8  5  31  43  56  7  75  17  
9  16  32  53  57  6  76  45  
22  27  71  31  92  20  
23  23  72  9  93  7  
24  41  67  56  94  62  
19  44  68  42  95  36  
20  15  69  53  96  41  
21  17  70  41  91  25  
6  1  43  1  96  1  
1  1  44  1  91  1  
2  1  45  1  92  1  
3  1  46  1  93  1  
4  1  47  1  94  1  
5  1  48  1  95  1  
1  1  7  1  
2  1  8  1  
3  1  9  1  
4  1  10  1  
5  1  11  1  
6  1  12  1  
7  1  13  1  
8  1  14  1  
9  1  15  1  
10  1  16  1  
11  1  17  1  
12  1  18  1  
13  1  19  1  
14  1  20  1  
15  1  21  1  
16  1  22  1  
17  1  23  1  
18  1  24  1  
19  1  25  1  
20  1  26  1  
21  1  27  1  
22  1  28  1  
23  1  29  1  
24  1  30  1  
25  1  31  1  
26  1  32  1  
27  1  33  1  
28  1  34  1  
29  1  35  1  
30  1  36  1  
31  1  37  1  
32  1  38  1  
33  1  39  1  
34  1  40  1  
35  1  41  1  
36  1  42  1  
37  1  43  1  
38  1  44  1  
39  1  45  1  
40  1  46  1  
41  1  47  1  
42  1  48  1  
43  1  49  1  
44  1  50  1  
45  1  51  1  
46  1  52  1  
47  1  53  1  
48  1  54  1  
49  1  55  1  
50  1  56  1  
51  1  57  1  
52  1  58  1  
53  1  59  1  
54  1  60  1  
55  1  61  1  
56  1  62  1  
57  1  63  1  
58  1  64  1  
59  1  65  1  
60  1  66  1  
61  1  67  1  
62  1  68  1  
63  1  69  1  
64  1  70  1  
65  1  71  1  
66  1  72  1  
67  1  73  1  
68  1  74  1  
69  1  75  1  
70  1  76  1  
71  1  77  1  
72  1  78  1  
73  1  79  1  
74  1  80  1  
75  1  81  1  
76  1  82  1  
77  1  83  1  
78  1  84  1  
79  1  85  1  
80  1  86  1  
81  1  87  1  
82  1  88  1  
83  1  89  1  
84  1  90  1  
85  1  91  1  
86  1  92  1  
87  1  93  1  
88  1  94  1  
89  1  95  1  
90  1  96  1  
35  40  69  42  98  1  103  1  
36  32  70  2  99  1  104  1  
31  5  71  10  100  1  105  1  
32  4  72  56  101  1  106  1  
33  44  67  8  102  1  107  1  
34  5  68  49  97  1  108  1  
60  3  88  17  103  1  109  1  
55  16  89  5  104  1  110  1  
56  7  90  16  105  1  111  1  
57  7  85  40  106  1  112  1  
58  59  86  35  107  1  113  1  
59  19  87  9  108  1  114  1  
24  34  83  12  109  1  115  1  
19  31  84  47  110  1  116  1  
20  37  79  31  111  1  117  1  
21  27  80  56  112  1  118  1  
22  17  81  61  113  1  119  1  
23  34  82  53  114  1  120  1  
50  53  94  44  115  1  121  1  
51  17  95  15  116  1  122  1  
52  43  96  17  117  1  123  1  
53  26  91  27  118  1  124  1  
54  52  92  23  119  1  125  1  
49  43  93  41  120  1  126  1  
3  24  15  16  72  28  121  1  127  1  
4  37  16  16  67  40  122  1  128  1  
5  54  17  45  68  4  123  1  129  1  
6  52  18  7  69  62  124  1  130  1  
1  24  13  25  70  53  125  1  131  1  
2  29  14  53  71  3  126  1  132  1  
29  3  89  43  127  1  133  1  
30  24  90  53  128  1  134  1  
25  15  85  55  129  1  135  1  
26  15  86  49  130  1  136  1  
27  45  87  52  131  1  137  1  
28  14  88  45  132  1  138  1  
40  19  84  24  133  1  139  1  
41  33  79  55  134  1  140  1  
42  35  80  61  135  1  141  1  
37  31  81  9  136  1  142  1  
38  16  82  62  137  1  143  1  
39  28  83  63  138  1  144  1  
12  51  44  10  97  1  139  1  145  1  
7  15  45  35  98  1  140  1  146  1  
8  8  46  48  99  1  141  1  147  1  
9  53  47  48  100  1  142  1  148  1  
10  58  48  29  101  1  143  1  149  1  
11  33  43  23  102  1  144  1  150  1  
4  45  23  42  62  48  145  1  151  1  
5  31  24  5  63  58  146  1  152  1  
6  58  19  30  64  39  147  1  153  1  
1  40  20  36  65  30  148  1  154  1  
2  57  21  31  66  53  149  1  155  1  
3  41  22  59  61  25  150  1  156  1  
50  25  88  42  151  1  157  1  
51  4  89  7  152  1  158  1  
52  9  90  6  153  1  159  1  
53  54  85  63  154  1  160  1  
54  16  86  63  155  1  161  1  
49  43  87  16  156  1  162  1  
15  3  47  16  74  47  157  1  163  1  
16  50  48  9  75  29  158  1  164  1  
17  33  43  25  76  62  159  1  165  1  
18  54  44  46  77  12  160  1  166  1  
13  46  45  54  78  15  161  1  167  1  
14  29  46  53  73  44  162  1  168  1  
40  2  93  56  163  1  169  1  
41  17  94  42  164  1  170  1  
42  35  95  53  165  1  171  1  
37  47  96  41  166  1  172  1  
38  18  91  31  167  1  173  1  
39  42  92  9  168  1  174  1  
11  33  87  23  169  1  175  1  
12  19  88  32  170  1  176  1  
7  50  89  17  171  1  177  1  
8  9  90  45  172  1  178  1  
9  21  85  1  173  1  179  1  
10  46  86  15  174  1  180  1  
36  50  78  61  175  1  181  1  
31  7  73  6  176  1  182  1  
32  21  74  32  177  1  183  1  
33  38  75  41  178  1  184  1  
34  21  76  39  179  1  185  1  
35  12  77  4  180  1  186  1  
58  57  63  12  181  1  187  1  
59  31  64  44  182  1  188  1  
60  11  65  41  183  1  189  1  
55  23  66  55  184  1  190  1  
56  47  61  51  185  1  191  1  
57  22  62  21  186  1  192  1  
27  11  96  25  98  1  187  1  
28  1  91  20  99  1  188  1  
29  24  92  7  100  1  189  1  
30  45  93  62  101  1  190  1  
25  56  94  36  102  1  191  1  
26  20  95  41  97  1  192  1  
