399 228 8
4 4
1 1 1 1 1 1 1 1 1 1 1 1 1 1 1 1 1 1 1 1 1 1 1 1 1 1 1 1 1 1 1 1 1 1 1 1 1 1 1 1 1 1 1 1 1 1 1 1 1 1 1 1 1 1 1 1 1 2 2 2 2 2 2 2 2 2 2 2 2 2 2 2 2 2 2 2 2 2 2 2 2 2 2 2 2 2 2 2 2 2 2 2 2 2 2 2 2 2 2 2 2 2 2 2 2 2 2 2 2 2 2 2 2 2 2 2 2 2 2 2 2 2 2 2 2 2 2 2 2 2 2 2 2 2 2 2 2 2 2 2 2 2 2 2 2 2 2 2 2 2 2 2 2 2 2 2 2 2 2 2 2 2 2 2 2 2 2 2 2 2 2 2 2 2 2 2 2 2 2 2 2 2 2 2 2 2 2 2 2 2 2 2 2 2 2 2 2 2 2 2 2 2 2 2 2 2 2 2 2 2 2 2 2 2 2 2 2 2 2 2 2 2 2 2 2 2 2 2 2 2 2 2 2 2 2 2 2 2 2 2 2 2 2 2 2 2 2 2 2 2 2 2 2 2 2 2 2 2 2 2 2 2 2 2 2 2 2 2 2 2 2 2 2 2 2 2 2 2 2 2 2 2 2 2 2 2 2 2 2 2 2 2 2 2 2 2 2 2 2 2 2 2 2 2 2 2 2 2 2 2 2 2 2 2 2 2 2 2 2 2 2 2 2 2 2 2 2 2 2 2 2 2 2 2 2 2 2 2 2 2 2 2 4 4 4 4 4 4 4 4 4 4 4 4 4 4 4 4 4 4 4 4 4 4 4 4 4 4 4 4 4 4 4 4 4 4 4 4 4 4 4 4 4 4 4 4 4 4 4 4 4 4 4 4 4 4 4 4 4 
3 3 3 3 3 3 3 3 3 3 3 3 3 3 3 3 3 3 3 3 3 3 3 3 3 3 3 3 3 3 3 3 3 3 3 3 3 3 3 3 3 3 3 3 3 3 3 3 3 3 3 3 3 3 3 3 3 4 4 4 4 4 4 4 4 4 4 4 4 4 4 4 4 4 4 4 4 4 4 4 4 4 4 4 4 4 4 4 4 4 4 4 4 4 4 4 4 4 4 4 4 4 4 4 4 4 4 4 4 4 4 4 4 4 4 4 4 4 4 4 4 4 4 4 4 4 4 4 4 4 4 4 4 4 4 4 4 4 4 4 4 4 4 4 4 4 4 4 4 4 4 4 4 4 4 4 4 4 4 4 4 4 4 4 4 4 4 4 4 4 4 4 4 4 4 4 4 4 4 4 4 4 4 4 4 4 4 4 4 4 4 4 4 4 4 4 4 4 4 4 4 4 4 4 4 4 4 4 4 4 4 4 4 4 4 4 4 4 4 4 4 4 4 4 4 4 4 4 
1 1 
2 1 
3 1 
4 1 
5 1 
6 2 
7 2 
8 2 
9 1 
10 1 
11 1 
12 1 
13 1 
14 2 
15 2 
16 2 
17 2 
18 3 
19 3 
20 4 
21 4 
22 3 
23 4 
24 6 
25 6 
26 6 
27 7 
28 6 
29 7 
30 7 
31 7 
32 7 
33 2 
34 3 
35 3 
36 4 
37 4 
38 3 
39 4 
40 6 
41 6 
42 6 
43 7 
44 6 
45 7 
46 7 
47 7 
48 7 
49 1 
50 1 
51 1 
52 1 
53 1 
54 2 
55 2 
56 2 
57 1 
115 3 172 5 
116 5 173 6 
117 6 174 4 
118 4 175 5 
119 5 176 5 
120 5 177 5 
121 5 178 5 
122 5 179 6 
123 6 180 5 
124 5 181 5 
125 5 182 6 
126 6 183 6 
127 6 184 6 
128 6 185 7 
129 7 186 6 
130 6 187 7 
131 7 188 7 
132 7 189 6 
133 6 190 7 
134 7 191 6 
135 6 192 7 
136 7 193 7 
137 7 194 7 
138 7 195 7 
139 7 196 7 
140 7 197 7 
141 7 198 3 
142 1 199 3 
143 1 200 5 
144 1 201 6 
145 1 202 4 
146 1 203 5 
147 1 204 5 
148 1 205 5 
149 1 206 5 
150 1 207 6 
151 1 208 5 
152 2 209 5 
153 2 210 6 
154 2 211 6 
155 2 212 6 
156 1 213 7 
157 1 214 6 
158 1 215 7 
159 1 216 7 
160 1 217 6 
161 1 218 7 
162 1 219 6 
163 1 220 7 
164 1 221 7 
165 1 222 7 
166 2 223 7 
167 2 224 7 
168 2 225 7 
169 2 226 2 
170 1 227 2 
171 1 228 2 
58 3 144 5 
59 3 158 6 
60 5 132 4 
61 6 150 5 
62 4 165 7 
63 5 139 5 
64 5 155 6 
65 5 146 4 
66 5 134 5 
67 6 162 7 
68 5 169 7 
69 5 152 5 
70 6 141 6 
71 6 147 5 
72 6 137 6 
73 7 161 6 
74 6 154 6 
75 7 168 7 
76 7 142 3 
77 6 149 5 
78 7 157 7 
79 6 170 2 
80 7 143 3 
81 7 159 7 
82 7 124 7 
83 7 171 2 
84 7 164 7 
85 7 151 6 
86 2 166 7 
87 2 125 7 
88 2 118 7 
89 2 160 7 
90 3 167 7 
91 3 153 5 
92 3 130 5 
93 4 156 6 
94 4 160 4 
95 4 120 7 
96 3 115 7 
97 4 163 6 
98 4 169 6 
99 5 140 6 
100 2 167 5 
101 2 164 5 
102 2 168 6 
103 2 136 5 
104 3 165 6 
105 3 128 3 
106 3 145 6 
107 4 122 7 
108 4 117 7 
109 4 121 6 
110 3 119 6 
111 4 123 7 
112 4 148 5 
113 5 133 5 
114 6 119 3 
58 1 115 1 
59 1 116 1 
60 1 117 1 
61 1 118 1 
62 1 119 1 
63 1 120 1 
64 1 121 1 
65 1 122 1 
66 1 123 1 
67 1 124 2 
68 2 125 2 
69 2 126 2 
70 2 127 2 
71 2 128 1 
72 1 129 1 
73 1 130 1 
74 1 131 1 
75 1 132 1 
76 1 133 1 
77 1 134 1 
78 1 135 1 
79 1 136 1 
80 1 137 1 
81 1 138 2 
82 2 139 2 
83 2 140 2 
84 2 141 2 
85 2 142 2 
86 1 143 2 
87 1 144 2 
88 1 145 2 
89 1 146 3 
90 1 147 3 
91 1 148 3 
92 1 149 4 
93 1 150 4 
94 1 151 4 
95 1 152 3 
96 2 153 4 
97 2 154 4 
98 2 155 5 
99 2 156 2 
100 1 157 2 
101 1 158 2 
102 1 159 2 
103 1 160 3 
104 1 161 3 
105 1 162 3 
106 1 163 4 
107 1 164 4 
108 1 165 4 
109 1 166 3 
110 2 167 4 
111 2 168 4 
112 2 169 5 
113 2 170 3 
114 1 171 3 
58 2 173 1 
59 2 174 1 
60 2 175 1 
61 2 176 1 
62 3 177 1 
63 3 178 1 
64 3 179 1 
65 4 180 2 
66 4 181 2 
67 4 182 2 
68 3 183 2 
69 4 184 1 
70 4 185 1 
71 5 186 1 
72 2 187 1 
73 2 188 1 
74 2 189 1 
75 2 190 1 
76 3 191 1 
77 3 192 1 
78 3 193 1 
79 4 194 2 
80 4 195 2 
81 4 196 2 
82 3 197 2 
83 4 198 1 
84 4 199 1 
85 5 200 1 
86 3 201 1 
87 3 202 1 
88 5 203 1 
89 6 204 1 
90 4 205 1 
91 5 206 1 
92 5 207 1 
93 5 208 2 
94 5 209 2 
95 6 210 2 
96 5 211 2 
97 5 212 1 
98 6 213 1 
99 6 214 1 
100 6 215 1 
101 7 216 1 
102 6 217 1 
103 7 218 1 
104 7 219 1 
105 6 220 1 
106 7 221 1 
107 6 222 2 
108 7 223 2 
109 7 224 2 
110 7 225 2 
111 7 226 3 
112 7 227 3 
113 7 228 5 
114 3 172 1 
116 6 187 2 
126 7 174 3 
127 7 188 3 
129 3 177 4 
131 6 181 4 
135 5 202 7 
138 5 192 4 
115 2 180 3 
116 2 197 5 
117 2 193 4 
118 3 178 4 
120 3 190 3 
121 4 185 2 
122 4 182 4 
123 4 186 2 
124 3 200 6 
125 4 207 7 
126 4 191 4 
127 5 195 4 
128 2 208 7 
129 2 212 3 
130 2 224 6 
131 2 176 3 
132 3 198 6 
133 3 204 7 
134 3 194 3 
135 4 199 7 
136 4 211 7 
137 4 203 6 
138 3 172 2 
139 4 205 6 
140 4 179 4 
141 5 201 7 
142 6 173 2 
143 7 210 7 
144 6 217 5 
145 7 228 1 
146 7 189 3 
147 6 175 3 
148 7 221 6 
149 6 209 7 
150 7 216 4 
151 7 215 6 
152 7 213 3 
153 7 214 5 
154 7 183 5 
155 7 218 5 
156 3 223 5 
157 3 184 2 
158 5 219 5 
159 6 220 5 
161 5 196 4 
162 5 206 7 
163 5 173 7 
166 5 227 1 
170 6 188 4 
171 7 226 1 
1 2 2 3 58 6 175 6 
3 3 4 4 59 7 225 6 
5 4 6 3 60 6 206 4 
7 4 8 6 61 7 197 6 
9 6 10 6 62 7 183 7 
11 7 12 6 63 6 174 7 
13 7 14 7 64 7 192 5 
15 7 16 7 65 6 184 3 
17 1 18 1 66 7 221 4 
19 1 20 1 67 7 172 6 
21 1 22 2 68 7 195 5 
23 2 24 2 69 7 216 3 
25 1 26 1 70 7 177 6 
27 1 28 1 71 7 222 5 
29 1 30 2 72 3 182 7 
31 2 32 2 73 3 226 6 
33 6 34 6 74 5 215 2 
35 7 36 6 75 6 207 4 
37 7 38 7 76 4 179 7 
39 7 40 7 77 5 222 3 
41 2 42 3 78 5 186 5 
43 3 44 4 79 5 178 7 
45 4 46 3 80 5 219 4 
47 4 48 6 81 6 189 5 
49 2 50 3 82 5 202 3 
51 3 52 4 83 5 194 5 
53 4 54 3 84 6 196 6 
55 4 56 6 85 6 176 7 
57 6 1 6 98 7 181 7 
2 6 9 2 92 7 227 7 
3 7 13 4 93 6 211 5 
4 6 27 3 87 7 218 3 
5 7 37 1 110 5 213 2 
6 7 15 4 86 6 208 3 
7 7 39 2 100 3 201 2 
8 7 17 6 103 6 185 3 
10 3 18 6 99 7 204 3 
11 3 57 2 89 7 199 2 
12 4 19 7 106 5 198 2 
14 3 55 7 101 3 180 7 
16 6 35 1 97 7 205 4 
20 6 23 7 109 6 190 5 
21 7 56 7 105 5 214 2 
22 7 38 2 94 7 187 6 
24 7 51 7 91 6 191 5 
25 2 49 6 96 7 209 4 
26 3 33 1 88 6 193 6 
28 4 43 1 102 5 200 2 
29 4 34 1 113 6 217 3 
30 3 53 7 111 5 223 4 
31 4 50 6 107 5 212 2 
32 6 36 1 90 7 203 3 
40 2 54 7 112 6 210 4 
41 1 45 1 114 2 220 4 
42 1 47 2 95 7 224 4 
44 1 46 2 104 4 225 5 
48 2 52 6 108 5 228 6 
1 1 343 2 371 6 
2 1 343 3 372 6 
3 1 344 3 373 7 
4 1 344 4 374 6 
5 1 345 4 375 7 
6 2 345 3 376 7 
7 2 346 4 377 7 
8 2 346 6 378 7 
9 1 347 6 372 2 
10 1 347 6 379 3 
11 1 348 7 380 3 
12 1 348 6 381 4 
13 1 349 7 373 4 
14 2 349 7 382 3 
15 2 350 7 376 4 
16 2 350 7 383 6 
17 2 351 1 378 6 
18 3 351 1 379 6 
19 3 352 1 381 7 
20 4 352 1 384 6 
21 4 353 1 385 7 
22 3 353 2 386 7 
23 4 354 2 384 7 
24 6 354 2 387 7 
25 6 355 1 388 2 
26 6 355 1 389 3 
27 7 356 1 374 3 
28 6 356 1 390 4 
29 7 357 1 391 4 
30 7 357 2 392 3 
31 7 358 2 393 4 
32 7 358 2 394 6 
33 2 359 6 389 1 
34 3 359 6 391 1 
35 3 360 7 383 1 
36 4 360 6 394 1 
37 4 361 7 375 1 
38 3 361 7 386 2 
39 4 362 7 377 2 
40 6 362 7 395 2 
41 6 363 2 396 1 
42 6 363 3 397 1 
43 7 364 3 390 1 
44 6 364 4 398 1 
45 7 365 4 396 1 
46 7 365 3 398 2 
47 7 366 4 397 2 
48 7 366 6 399 2 
49 1 367 2 388 6 
50 1 367 3 393 6 
51 1 368 3 387 7 
52 1 368 4 399 6 
53 1 369 4 392 7 
54 2 369 3 395 7 
55 2 370 4 382 7 
56 2 370 6 385 7 
57 1 371 6 380 2 
172 1 229 2 115 3 343 6 
173 1 230 2 116 3 344 7 
174 1 231 2 117 5 345 6 
175 1 232 2 118 6 346 7 
176 1 233 3 119 4 347 7 
177 1 234 3 120 5 348 6 
178 1 235 3 121 5 349 7 
179 1 236 4 122 5 350 6 
180 1 237 4 123 5 351 7 
181 1 238 4 124 6 352 7 
182 2 239 3 125 5 353 7 
183 2 240 4 126 5 354 7 
184 2 241 4 127 6 355 7 
185 2 242 5 128 6 356 7 
186 1 243 2 129 6 357 3 
187 1 244 2 130 7 358 3 
188 1 245 2 131 6 359 5 
189 1 246 2 132 7 360 6 
190 1 247 3 133 7 361 4 
191 1 248 3 134 6 362 5 
192 1 249 3 135 7 363 5 
193 1 250 4 136 6 364 5 
194 1 251 4 137 7 365 5 
195 1 252 4 138 7 366 6 
196 2 253 3 139 7 367 5 
197 2 254 4 140 7 368 5 
198 2 255 4 141 7 369 6 
199 2 256 5 142 7 370 6 
200 1 257 3 143 2 376 6 
201 1 258 3 144 2 374 7 
202 1 259 5 145 2 389 6 
203 1 260 6 146 2 380 7 
204 1 261 4 147 3 394 7 
205 1 262 5 148 3 387 6 
206 1 263 5 149 3 372 7 
207 1 264 5 150 4 373 6 
208 1 265 5 151 4 386 7 
209 1 266 6 152 4 397 7 
210 2 267 5 153 3 388 7 
211 2 268 5 154 4 383 7 
212 2 269 6 155 4 371 7 
213 2 270 6 156 5 379 7 
214 1 271 6 157 2 377 3 
215 1 272 7 158 2 382 3 
216 1 273 6 159 2 390 5 
217 1 274 7 160 2 378 6 
218 1 275 7 161 3 398 4 
219 1 276 6 162 3 385 5 
220 1 277 7 163 3 381 5 
221 1 278 6 164 4 393 5 
222 1 279 7 165 4 399 5 
223 1 280 7 166 4 384 6 
224 2 281 7 167 3 375 5 
225 2 282 7 168 4 392 5 
226 2 283 7 169 4 395 6 
227 2 284 7 170 5 391 6 
228 1 285 3 171 6 396 2 
172 1 58 3 153 7 293 2 
173 1 59 5 286 6 294 2 
174 1 60 6 165 7 295 2 
175 1 61 4 145 7 296 3 
176 1 62 5 167 6 171 3 
177 1 63 5 152 7 297 3 
178 1 64 5 166 6 298 4 
179 1 65 5 164 7 299 4 
180 1 66 6 168 7 300 4 
181 2 67 5 139 7 301 3 
182 2 68 5 144 7 302 4 
183 2 69 6 287 7 303 4 
184 2 70 6 288 7 304 5 
185 1 71 6 162 3 305 2 
186 1 72 7 289 3 306 2 
187 1 73 6 149 5 307 2 
188 1 74 7 290 6 308 2 
189 1 75 7 117 4 309 3 
190 1 76 6 170 5 310 3 
191 1 77 7 123 5 311 3 
192 1 78 6 291 5 312 4 
193 1 79 7 160 5 313 4 
194 1 80 7 129 6 314 4 
195 2 81 7 292 5 315 3 
196 2 82 7 120 5 316 4 
197 2 83 7 156 6 317 4 
198 2 84 7 127 6 318 5 
199 2 85 1 133 3 319 6 
200 2 86 1 137 3 320 7 
201 2 87 1 115 5 321 6 
202 2 88 1 163 6 322 7 
203 3 89 1 122 4 323 7 
204 3 90 1 128 5 324 6 
205 3 91 1 169 5 325 7 
206 4 92 1 134 5 326 6 
207 4 93 1 118 5 327 7 
208 4 94 1 142 6 328 7 
209 3 95 2 126 5 329 7 
210 4 96 2 148 5 330 7 
211 4 97 2 131 6 331 7 
212 5 98 2 121 6 332 7 
213 2 99 1 150 6 333 3 
214 2 100 1 135 7 334 3 
215 2 101 1 116 6 335 5 
216 2 102 1 138 7 336 6 
217 3 103 1 146 7 151 4 
218 3 104 1 130 6 337 5 
219 3 105 1 124 7 338 5 
220 4 106 1 154 6 339 5 
221 4 107 1 141 7 158 5 
222 4 108 1 119 7 161 6 
223 3 109 2 143 7 340 5 
224 4 110 2 147 7 157 5 
225 4 111 2 132 7 159 6 
226 5 112 2 125 7 155 6 
227 3 113 1 136 2 341 6 
228 3 114 1 140 2 342 7 
58 5 285 1 315 2 352 6 
59 6 229 1 319 2 339 7 
60 4 230 1 287 3 348 7 
61 5 231 1 324 3 343 6 
62 5 232 1 308 3 370 7 
63 5 233 1 289 4 355 6 
64 5 234 1 296 4 364 7 
65 6 235 1 317 4 361 7 
66 5 236 2 293 3 382 7 
67 5 237 2 290 4 371 7 
68 6 238 2 299 4 357 7 
69 6 239 2 331 5 347 7 
70 6 240 1 334 2 350 3 
71 7 241 1 298 2 378 3 
72 6 242 1 300 2 363 5 
73 7 243 1 286 2 386 6 
74 7 244 1 288 3 341 4 
75 6 245 1 323 3 366 5 
76 7 246 1 297 3 384 5 
77 6 247 1 303 4 387 5 
78 7 248 1 292 4 349 5 
79 7 249 1 295 4 389 6 
80 7 250 2 311 3 368 5 
81 7 251 2 304 4 353 5 
82 7 252 2 337 4 369 6 
83 7 253 2 294 5 346 6 
84 3 254 1 309 6 381 2 
85 3 255 1 312 7 380 2 
86 5 256 1 301 6 390 2 
87 6 257 1 318 7 377 2 
88 4 258 1 291 7 367 3 
89 5 259 1 314 6 394 3 
90 5 260 1 310 7 379 3 
91 5 261 1 316 6 383 4 
92 5 262 1 338 7 345 4 
93 6 263 1 302 7 360 4 
94 5 264 2 305 7 376 3 
95 5 265 2 326 7 388 4 
96 6 266 2 320 7 395 4 
97 6 267 2 313 7 373 5 
98 6 268 1 306 3 393 2 
99 7 269 1 329 3 375 2 
100 6 270 1 330 5 385 2 
101 7 271 1 328 6 359 2 
102 7 272 1 327 4 354 3 
103 6 273 1 321 5 391 3 
104 7 274 1 332 5 374 3 
105 6 275 1 335 5 365 4 
106 7 276 1 336 5 396 4 
107 7 277 1 325 6 351 4 
108 7 278 2 356 5 362 3 
109 7 279 2 333 5 392 4 
110 7 280 2 307 6 397 4 
111 7 281 2 344 6 398 5 
112 2 282 3 342 1 358 6 
113 2 283 3 340 1 372 7 
114 2 284 5 322 1 399 6 
