1000 500 16
2 4
2 2 2 2 2 2 2 2 2 2 2 2 2 2 2 2 2 2 2 2 2 2 2 2 2 2 2 2 2 2 2 2 2 2 2 2 2 2 2 2 2 2 2 2 2 2 2 2 2 2 2 2 2 2 2 2 2 2 2 2 2 2 2 2 2 2 2 2 2 2 2 2 2 2 2 2 2 2 2 2 2 2 2 2 2 2 2 2 2 2 2 2 2 2 2 2 2 2 2 2 2 2 2 2 2 2 2 2 2 2 2 2 2 2 2 2 2 2 2 2 2 2 2 2 2 2 2 2 2 2 2 2 2 2 2 2 2 2 2 2 2 2 2 2 2 2 2 2 2 2 2 2 2 2 2 2 2 2 2 2 2 2 2 2 2 2 2 2 2 2 2 2 2 2 2 2 2 2 2 2 2 2 2 2 2 2 2 2 2 2 2 2 2 2 2 2 2 2 2 2 2 2 2 2 2 2 2 2 2 2 2 2 2 2 2 2 2 2 2 2 2 2 2 2 2 2 2 2 2 2 2 2 2 2 2 2 2 2 2 2 2 2 2 2 2 2 2 2 2 2 2 2 2 2 2 2 2 2 2 2 2 2 2 2 2 2 2 2 2 2 2 2 2 2 2 2 2 2 2 2 2 2 2 2 2 2 2 2 2 2 2 2 2 2 2 2 2 2 2 2 2 2 2 2 2 2 2 2 2 2 2 2 2 2 2 2 2 2 2 2 2 2 2 2 2 2 2 2 2 2 2 2 2 2 2 2 2 2 2 2 2 2 2 2 2 2 2 2 2 2 2 2 2 2 2 2 2 2 2 2 2 2 2 2 2 2 2 2 2 2 2 2 2 2 2 2 2 2 2 2 2 2 2 2 2 2 2 2 2 2 2 2 2 2 2 2 2 2 2 2 2 2 2 2 2 2 2 2 2 2 2 2 2 2 2 2 2 2 2 2 2 2 2 2 2 2 2 2 2 2 2 2 2 2 2 2 2 2 2 2 2 2 2 2 2 2 2 2 2 2 2 2 2 2 2 2 2 2 2 2 2 2 2 2 2 2 2 2 2 2 2 2 2 2 2 2 2 2 2 2 2 2 2 2 2 2 2 2 2 2 2 2 2 2 2 2 2 2 2 2 2 2 2 2 2 2 2 2 2 2 2 2 2 2 2 2 2 2 2 2 2 2 2 2 2 2 2 2 2 2 2 2 2 2 2 2 2 2 2 2 2 2 2 2 2 2 2 2 2 2 2 2 2 2 2 2 2 2 2 2 2 2 2 2 2 2 2 2 2 2 2 2 2 2 2 2 2 2 2 2 2 2 2 2 2 2 2 2 2 2 2 2 2 2 2 2 2 2 2 2 2 2 2 2 2 2 2 2 2 2 2 2 2 2 2 2 2 2 2 2 2 2 2 2 2 2 2 2 2 2 2 2 2 2 2 2 2 2 2 2 2 2 2 2 2 2 2 2 2 2 2 2 2 2 2 2 2 2 2 2 2 2 2 2 2 2 2 2 2 2 2 2 2 2 2 2 2 2 2 2 2 2 2 2 2 2 2 2 2 2 2 2 2 2 2 2 2 2 2 2 2 2 2 2 2 2 2 2 2 2 2 2 2 2 2 2 2 2 2 2 2 2 2 2 2 2 2 2 2 2 2 2 2 2 2 2 2 2 2 2 2 2 2 2 2 2 2 2 2 2 2 2 2 2 2 2 2 2 2 2 2 2 2 2 2 2 2 2 2 2 2 2 2 2 2 2 2 2 2 2 2 2 2 2 2 2 2 2 2 2 2 2 2 2 2 2 2 2 2 2 2 2 2 2 2 2 2 2 2 2 2 2 2 2 2 2 2 2 2 2 2 2 2 2 2 2 2 2 2 2 2 2 2 2 2 2 2 2 2 2 2 2 2 2 2 2 2 2 2 2 2 2 2 2 2 2 2 2 2 2 2 2 2 2 2 2 2 2 2 2 2 2 2 2 2 2 2 2 2 2 2 2 2 2 2 2 2 2 2 2 2 2 2 2 2 2 2 2 2 2 2 2 2 2 2 2 2 2 2 2 2 2 2 2 2 2 2 2 2 2 2 2 2 2 2 2 2 2 2 2 2 2 2 2 2 2 2 2 2 2 2 2 2 2 2 2 2 2 2 2 2 2 2 2 2 2 2 2 2 2 2 2 2 2 2 2 2 2 2 2 2 2 2 2 2 2 2 2 2 2 2 2 2 2 2 2 2 2 2 2 2 2 2 2 2 2 2 2 2 2 
4 4 4 4 4 4 4 4 4 4 4 4 4 4 4 4 4 4 4 4 4 4 4 4 4 4 4 4 4 4 4 4 4 4 4 4 4 4 4 4 4 4 4 4 4 4 4 4 4 4 4 4 4 4 4 4 4 4 4 4 4 4 4 4 4 4 4 4 4 4 4 4 4 4 4 4 4 4 4 4 4 4 4 4 4 4 4 4 4 4 4 4 4 4 4 4 4 4 4 4 4 4 4 4 4 4 4 4 4 4 4 4 4 4 4 4 4 4 4 4 4 4 4 4 4 4 4 4 4 4 4 4 4 4 4 4 4 4 4 4 4 4 4 4 4 4 4 4 4 4 4 4 4 4 4 4 4 4 4 4 4 4 4 4 4 4 4 4 4 4 4 4 4 4 4 4 4 4 4 4 4 4 4 4 4 4 4 4 4 4 4 4 4 4 4 4 4 4 4 4 4 4 4 4 4 4 4 4 4 4 4 4 4 4 4 4 4 4 4 4 4 4 4 4 4 4 4 4 4 4 4 4 4 4 4 4 4 4 4 4 4 4 4 4 4 4 4 4 4 4 4 4 4 4 4 4 4 4 4 4 4 4 4 4 4 4 4 4 4 4 4 4 4 4 4 4 4 4 4 4 4 4 4 4 4 4 4 4 4 4 4 4 4 4 4 4 4 4 4 4 4 4 4 4 4 4 4 4 4 4 4 4 4 4 4 4 4 4 4 4 4 4 4 4 4 4 4 4 4 4 4 4 4 4 4 4 4 4 4 4 4 4 4 4 4 4 4 4 4 4 4 4 4 4 4 4 4 4 4 4 4 4 4 4 4 4 4 4 4 4 4 4 4 4 4 4 4 4 4 4 4 4 4 4 4 4 4 4 4 4 4 4 4 4 4 4 4 4 4 4 4 4 4 4 4 4 4 4 4 4 4 4 4 4 4 4 4 4 4 4 4 4 4 4 4 4 4 4 4 4 4 4 4 4 4 4 4 4 4 4 4 4 4 4 4 4 4 4 4 4 4 4 4 4 4 4 4 4 4 4 4 4 4 4 4 4 4 4 4 4 4 4 4 4 4 4 4 4 4 4 4 4 4 4 4 4 4 4 4 4 4 4 4 4 4 4 4 4 4 4 
475 12 333 1 
430 3 16 13 
347 6 29 10 
383 2 450 2 
323 5 328 13 
130 15 287 9 
159 8 498 8 
81 5 325 3 
173 3 312 13 
276 7 394 6 
21 5 492 10 
349 3 155 15 
375 4 384 9 
223 6 283 11 
156 11 2 4 
110 9 249 14 
258 14 167 9 
69 3 353 13 
317 15 98 15 
381 13 213 8 
132 1 479 15 
356 6 121 8 
418 1 18 1 
175 10 436 11 
363 10 186 3 
205 11 127 7 
299 15 500 8 
192 4 424 10 
37 9 398 6 
238 5 449 1 
261 7 320 2 
412 12 314 12 
40 6 235 1 
146 5 119 3 
338 4 68 7 
467 9 54 3 
318 3 280 15 
346 14 263 9 
269 8 93 6 
295 13 461 3 
153 14 233 2 
176 5 278 6 
185 15 222 6 
274 1 23 10 
49 7 256 9 
230 3 464 12 
135 6 327 11 
463 2 284 1 
11 4 342 7 
301 4 91 12 
136 10 451 14 
220 7 9 8 
476 9 217 5 
308 3 8 7 
168 1 126 2 
128 11 493 15 
426 1 354 9 
80 5 275 8 
339 9 227 9 
138 11 239 10 
12 2 124 12 
7 12 59 8 
407 2 103 5 
241 9 310 5 
313 4 491 6 
298 11 365 13 
191 8 294 5 
243 4 289 2 
423 6 355 5 
212 12 214 6 
281 7 380 8 
63 10 193 15 
66 7 259 8 
428 14 324 2 
211 4 224 2 
459 7 291 15 
247 1 50 5 
474 6 319 9 
57 4 160 9 
395 13 285 13 
24 14 416 14 
387 11 335 2 
196 2 260 6 
254 2 77 5 
165 10 366 10 
65 9 330 10 
496 14 218 13 
262 8 177 11 
148 9 376 12 
72 11 400 13 
28 6 182 8 
174 8 427 6 
38 2 82 2 
273 4 184 13 
277 6 210 1 
39 9 431 14 
13 15 83 8 
19 6 389 1 
105 7 486 6 
481 8 445 15 
87 6 188 15 
311 10 421 11 
360 10 268 2 
101 14 86 14 
296 10 495 8 
75 15 472 10 
133 11 293 6 
20 9 397 10 
106 9 61 3 
189 9 151 1 
456 11 362 14 
179 9 52 12 
279 6 425 2 
250 10 444 3 
359 15 440 2 
390 14 367 4 
253 3 134 9 
326 3 183 10 
197 6 209 12 
329 1 345 7 
203 15 1 11 
190 4 403 13 
439 3 288 2 
448 6 234 10 
25 12 487 4 
142 3 33 11 
462 3 368 2 
386 2 484 1 
166 10 396 12 
297 10 364 5 
117 13 480 6 
107 8 73 2 
114 8 446 10 
123 6 17 3 
489 11 129 14 
434 8 149 4 
147 15 270 11 
414 5 432 14 
334 3 290 15 
55 4 157 1 
373 15 67 7 
457 1 246 7 
34 11 26 4 
70 5 332 9 
265 5 232 6 
198 9 443 13 
36 4 228 10 
42 7 369 15 
460 1 392 7 
350 11 252 7 
429 2 286 10 
477 8 292 11 
139 12 231 10 
393 8 15 14 
409 4 266 10 
163 6 468 2 
471 9 104 5 
348 6 111 3 
251 5 321 7 
99 6 304 5 
236 1 378 5 
483 6 401 5 
30 13 337 3 
88 14 43 12 
109 15 226 4 
144 6 97 5 
180 1 84 2 
162 11 62 14 
458 11 113 11 
178 9 494 15 
216 2 206 2 
242 13 51 7 
316 8 131 14 
371 9 417 14 
44 7 71 10 
357 7 379 3 
201 7 208 12 
422 9 473 10 
215 7 406 14 
244 4 137 10 
118 3 79 4 
454 1 351 8 
485 14 89 5 
58 12 490 15 
385 15 419 12 
3 6 305 12 
264 10 120 10 
116 10 48 14 
225 7 315 2 
143 12 455 9 
307 10 35 13 
169 5 64 12 
240 2 309 1 
164 14 465 1 
108 11 22 12 
41 3 47 9 
300 10 343 11 
255 5 154 7 
199 4 452 4 
442 10 161 14 
194 4 447 13 
187 8 361 11 
499 1 56 9 
282 4 92 10 
158 1 46 5 
413 2 195 8 
141 7 352 15 
53 14 95 9 
399 4 60 8 
171 8 358 6 
102 6 237 10 
478 5 257 8 
322 7 112 15 
302 14 32 5 
140 8 125 6 
410 3 453 12 
207 3 382 1 
200 8 221 14 
441 14 344 11 
482 1 219 10 
45 5 435 11 
31 7 470 8 
27 12 145 6 
433 10 404 8 
115 4 94 4 
85 9 267 7 
340 6 78 1 
204 1 5 7 
497 1 76 13 
341 1 374 7 
74 3 372 9 
150 3 331 7 
415 5 306 15 
438 8 388 9 
303 2 420 9 
469 2 100 3 
245 1 229 4 
411 7 170 13 
336 14 466 3 
296 15 402 6 
102 13 370 15 
9 10 6 4 
273 8 152 6 
86 1 272 6 
230 15 96 12 
366 9 405 13 
438 12 248 15 
458 6 181 4 
398 6 445 6 
259 3 122 8 
299 11 257 1 
125 11 168 3 
255 7 361 15 
217 8 461 11 
416 15 364 11 
198 15 408 3 
34 2 172 11 
177 4 433 7 
478 6 90 2 
126 8 441 9 
341 13 322 5 
355 9 488 1 
490 15 400 7 
66 10 69 6 
350 2 437 11 
456 7 137 2 
376 13 313 4 
213 7 480 15 
222 11 45 4 
411 2 10 10 
269 9 1 5 
359 3 17 11 
335 10 14 5 
70 4 4 12 
35 8 312 13 
413 2 283 2 
210 5 377 2 
22 2 13 3 
499 6 271 13 
152 12 107 3 
197 9 49 3 
489 7 219 4 
205 2 178 10 
330 11 214 8 
494 6 348 4 
25 10 112 6 
265 3 42 11 
220 9 53 15 
2 4 238 3 
218 12 488 4 
61 11 91 14 
367 14 278 11 
353 9 329 2 
381 2 440 10 
324 4 387 10 
290 2 303 4 
418 8 73 14 
7 7 345 4 
10 11 111 12 
184 9 97 3 
360 2 175 8 
373 7 160 13 
134 13 164 1 
331 15 327 9 
395 1 235 14 
462 13 493 14 
162 9 166 4 
182 4 32 1 
176 8 48 9 
294 3 268 2 
275 2 202 10 
253 2 170 13 
450 5 93 10 
113 15 342 15 
124 4 362 8 
340 14 201 6 
482 9 141 5 
245 14 343 3 
179 7 4 2 
248 2 460 1 
304 10 333 3 
106 1 412 8 
143 6 29 1 
357 14 370 10 
481 5 321 8 
225 8 80 8 
289 4 393 5 
399 9 195 4 
436 1 94 2 
31 12 391 7 
390 13 382 4 
75 12 287 1 
479 14 397 9 
466 1 363 1 
346 3 349 4 
291 3 347 6 
196 10 315 6 
140 7 204 10 
101 9 374 15 
68 3 55 4 
447 4 191 3 
79 15 44 7 
394 2 39 4 
194 14 434 9 
277 10 72 8 
67 3 77 15 
83 9 356 10 
82 13 202 14 
207 10 300 4 
188 15 473 6 
36 4 37 5 
8 3 317 2 
254 6 132 3 
409 6 28 12 
379 4 439 12 
147 8 46 9 
334 3 267 4 
388 8 396 8 
95 9 389 14 
60 14 47 1 
415 7 148 13 
20 4 429 14 
74 8 150 4 
229 2 54 5 
378 15 23 10 
50 14 114 9 
358 12 485 1 
122 1 208 3 
463 1 452 1 
430 7 142 8 
308 8 328 14 
392 5 192 7 
405 2 203 4 
282 14 57 4 
200 14 475 6 
232 3 233 14 
309 1 239 5 
459 15 161 6 
243 14 149 3 
260 2 261 5 
173 7 133 9 
26 5 88 2 
244 14 383 7 
51 6 154 5 
123 14 63 3 
310 9 157 12 
495 8 59 5 
286 10 138 13 
216 13 470 9 
104 14 65 6 
421 2 301 1 
146 15 236 13 
121 1 240 2 
276 14 422 6 
96 4 64 4 
288 13 118 11 
380 11 410 4 
427 15 128 4 
41 10 156 7 
145 7 158 11 
40 13 263 9 
297 7 271 3 
417 9 497 7 
465 3 472 3 
180 10 76 14 
274 11 43 2 
242 8 453 14 
159 12 337 10 
211 11 414 3 
424 3 491 9 
5 13 474 9 
262 12 250 7 
464 1 105 12 
209 12 90 5 
293 7 377 13 
14 13 437 11 
199 15 228 9 
234 1 249 10 
171 2 33 6 
224 9 444 3 
131 14 476 8 
320 14 256 8 
408 10 352 13 
351 3 423 15 
484 2 305 13 
12 7 326 3 
27 13 319 9 
231 9 402 4 
449 10 284 5 
372 13 130 3 
3 6 498 2 
258 7 89 2 
365 7 163 3 
406 7 251 10 
391 15 52 5 
302 3 127 2 
281 15 454 14 
344 3 403 8 
136 4 139 7 
428 14 193 6 
212 7 30 13 
280 12 98 10 
108 15 298 11 
443 14 172 15 
420 6 332 14 
469 8 174 9 
100 4 215 6 
448 3 167 10 
58 9 153 11 
279 8 270 3 
183 11 339 6 
186 6 477 13 
117 11 226 8 
323 4 368 12 
431 5 221 3 
496 7 99 14 
169 4 241 11 
401 6 435 5 
119 7 354 11 
19 11 318 14 
110 11 314 15 
451 12 6 3 
375 9 185 2 
252 7 386 9 
78 11 109 4 
116 14 264 2 
223 6 56 5 
384 5 486 3 
18 12 84 10 
442 7 81 7 
455 5 325 14 
190 2 425 7 
62 1 165 13 
407 14 266 10 
404 8 295 2 
16 6 246 15 
371 1 419 1 
487 9 206 5 
144 5 38 3 
71 7 11 3 
432 15 468 11 
500 10 471 3 
369 4 483 9 
457 11 306 5 
316 13 15 5 
92 13 492 4 
227 3 292 15 
181 15 311 3 
85 12 87 3 
307 6 285 13 
446 14 467 2 
426 7 336 3 
115 14 247 9 
103 3 21 10 
135 2 338 13 
129 9 237 1 
120 10 272 13 
24 3 151 2 
189 11 385 13 
155 3 187 15 
459 14 250 6 
124 8 187 4 
117 8 143 7 
173 15 484 6 
248 6 142 3 
183 6 487 2 
423 13 427 3 
59 9 152 6 
68 15 274 1 
120 4 72 14 
336 4 277 6 
261 5 46 10 
178 13 58 12 
134 15 157 4 
432 15 393 12 
216 2 481 3 
9 4 343 9 
408 5 299 11 
30 4 230 2 
92 15 249 4 
467 12 346 12 
362 4 131 14 
292 14 361 3 
41 15 226 4 
445 14 431 10 
48 3 476 12 
123 9 269 9 
243 10 363 7 
422 15 222 14 
217 1 209 8 
441 2 6 10 
406 15 405 2 
119 6 14 13 
137 1 54 15 
107 12 159 3 
111 6 483 6 
103 8 252 6 
81 8 169 2 
402 15 106 13 
158 7 490 13 
133 5 415 1 
463 1 330 12 
349 9 369 13 
288 6 255 8 
270 3 67 4 
109 6 66 13 
47 9 86 11 
175 7 471 13 
383 11 25 13 
55 11 434 12 
418 3 202 4 
57 1 461 8 
203 14 147 8 
378 6 482 7 
241 15 382 14 
322 1 306 5 
379 1 451 7 
63 7 425 13 
156 14 160 9 
200 1 2 5 
239 11 416 9 
73 11 236 15 
108 12 348 7 
180 2 185 14 
146 13 313 6 
326 2 151 2 
32 3 89 8 
64 1 273 10 
42 4 496 9 
245 15 186 6 
19 10 246 11 
20 7 298 1 
473 1 279 13 
94 10 350 6 
84 10 116 15 
450 12 474 11 
219 3 193 3 
466 3 223 14 
462 7 267 9 
96 6 284 9 
374 12 491 3 
207 6 412 6 
385 1 286 15 
479 5 334 3 
251 14 238 9 
355 3 118 7 
138 2 253 7 
141 7 258 7 
478 14 337 6 
305 3 289 4 
499 7 389 15 
224 10 357 4 
380 5 82 6 
62 12 495 3 
240 11 290 10 
399 7 163 8 
112 11 149 11 
493 14 227 1 
301 1 260 8 
421 14 76 10 
396 2 17 2 
192 4 327 3 
16 6 122 15 
302 7 214 14 
36 3 468 9 
492 14 317 3 
167 11 10 5 
70 6 28 7 
409 12 75 10 
184 8 338 6 
39 11 53 4 
324 4 388 4 
78 3 1 3 
413 12 206 12 
56 13 162 3 
247 8 212 2 
465 9 464 9 
386 11 449 10 
381 1 417 1 
435 1 320 13 
429 14 145 8 
401 6 440 8 
278 5 365 11 
242 9 50 3 
215 7 438 11 
232 14 128 3 
276 8 31 1 
442 8 259 8 
165 11 333 3 
266 3 356 7 
213 10 52 15 
168 15 211 8 
170 14 318 12 
26 6 3 15 
387 5 71 4 
139 11 13 14 
105 3 488 10 
314 5 113 10 
392 13 114 5 
264 3 177 7 
335 13 419 14 
40 12 135 8 
340 9 83 11 
7 8 321 2 
364 13 498 1 
384 9 90 3 
275 13 231 9 
61 15 148 9 
407 8 428 12 
237 1 44 11 
80 2 359 1 
366 5 394 4 
126 11 121 2 
87 9 300 2 
444 6 310 1 
480 10 424 6 
456 14 403 3 
485 10 93 15 
458 7 397 6 
88 7 263 11 
319 7 453 4 
60 13 375 6 
181 13 436 15 
115 12 395 8 
130 2 166 11 
164 12 5 3 
414 6 339 8 
293 14 281 2 
233 10 294 14 
45 10 404 3 
291 1 295 7 
411 9 439 5 
377 4 309 10 
469 5 208 4 
234 14 430 2 
8 6 15 7 
308 2 199 1 
140 13 11 7 
189 1 150 9 
280 13 433 11 
500 9 27 1 
475 5 311 8 
171 7 426 11 
391 7 205 12 
254 15 304 13 
4 13 225 15 
161 14 244 11 
400 11 110 11 
29 8 155 15 
410 1 85 2 
190 1 22 6 
354 3 182 15 
262 9 344 7 
486 12 372 9 
489 6 235 10 
272 6 23 14 
271 14 49 14 
307 11 331 15 
104 1 351 5 
342 4 367 8 
201 9 33 8 
352 9 69 15 
176 14 154 14 
34 5 12 15 
43 6 38 4 
218 4 345 14 
257 2 328 1 
455 4 100 8 
256 1 51 12 
457 10 179 14 
136 4 341 2 
65 12 97 11 
370 15 373 13 
371 13 376 13 
282 10 172 7 
153 15 188 6 
196 4 452 6 
446 2 191 8 
360 4 368 3 
204 2 448 8 
144 10 132 3 
358 14 24 14 
220 15 315 14 
447 7 285 15 
494 9 91 6 
437 4 194 1 
102 6 477 5 
420 10 297 2 
347 11 198 4 
353 15 221 10 
229 15 303 7 
79 4 325 14 
37 15 101 6 
195 4 296 1 
98 10 35 12 
18 14 398 3 
197 3 174 14 
265 9 129 15 
268 9 287 4 
210 10 472 9 
316 11 283 6 
332 3 74 13 
228 5 460 13 
329 14 454 5 
390 4 323 10 
470 13 99 15 
312 3 443 2 
125 2 77 11 
127 2 95 3 
497 11 21 9 
192 11 413 8 
190 14 236 7 
14 8 278 14 
135 9 208 6 
337 5 379 7 
172 3 489 3 
106 14 393 10 
439 3 206 1 
451 13 91 1 
163 13 219 14 
128 7 107 1 
181 15 312 4 
169 5 461 11 
494 2 263 5 
164 15 109 3 
491 2 42 9 
82 14 230 1 
282 9 336 1 
40 1 458 1 
386 7 396 12 
104 3 376 7 
249 1 338 13 
358 10 399 9 
397 8 344 4 
432 5 51 15 
62 9 348 12 
12 4 214 12 
119 11 199 2 
279 11 101 14 
332 1 394 2 
8 9 472 9 
211 2 457 6 
361 11 485 9 
326 12 158 14 
203 5 129 1 
264 7 488 6 
136 1 3 8 
356 11 200 11 
275 3 421 2 
486 15 430 7 
207 15 215 1 
195 13 471 7 
17 4 20 7 
477 4 23 12 
90 7 68 2 
469 11 125 3 
41 11 130 6 
245 14 204 8 
18 5 33 12 
255 7 492 8 
118 11 127 6 
115 2 455 2 
177 11 453 7 
388 4 291 11 
468 2 400 4 
131 1 407 2 
429 2 81 5 
143 13 46 2 
257 10 116 2 
273 4 133 4 
25 9 201 7 
63 2 452 4 
191 13 123 5 
78 2 323 13 
408 2 467 6 
248 9 293 4 
414 12 418 9 
180 11 343 4 
167 7 147 10 
95 5 314 15 
113 11 28 9 
357 13 297 14 
10 3 65 8 
369 6 438 4 
447 8 288 6 
66 5 437 2 
22 7 329 14 
13 9 154 1 
478 4 311 7 
64 3 389 5 
89 7 174 11 
482 12 322 6 
267 14 166 11 
175 10 406 1 
392 3 221 14 
442 11 228 7 
43 3 321 11 
5 11 359 10 
299 2 188 15 
345 10 261 10 
247 9 186 9 
239 6 401 1 
233 7 187 12 
333 5 54 10 
463 9 265 15 
117 15 137 11 
50 1 241 11 
328 14 160 10 
29 15 445 9 
298 5 480 13 
398 1 253 2 
55 1 27 10 
142 12 473 11 
446 13 364 11 
427 3 481 6 
387 4 159 3 
74 13 161 7 
220 14 242 4 
198 12 144 4 
258 14 210 14 
325 7 415 4 
35 13 36 8 
76 12 162 6 
435 9 383 12 
49 4 443 3 
145 5 83 12 
155 14 271 13 
334 2 487 13 
370 4 21 10 
459 7 302 5 
281 4 444 4 
410 5 71 12 
318 13 350 14 
384 4 313 4 
244 12 38 12 
292 3 173 4 
303 14 355 10 
126 5 96 8 
277 12 456 5 
92 15 380 3 
280 6 183 1 
315 15 362 9 
436 12 416 10 
307 8 324 3 
222 5 238 3 
319 7 309 8 
205 9 112 11 
121 8 391 12 
450 11 150 11 
464 14 24 12 
44 15 217 11 
45 4 316 7 
226 5 498 11 
94 6 496 2 
103 9 171 15 
353 15 466 11 
254 7 484 7 
320 4 86 9 
295 7 268 5 
218 4 122 13 
349 11 149 12 
216 1 110 6 
272 4 39 12 
381 12 339 7 
58 1 225 4 
276 9 11 9 
111 2 57 9 
403 15 434 4 
2 15 32 6 
124 3 69 8 
301 10 377 5 
417 8 352 3 
67 12 365 11 
138 11 165 6 
156 7 470 11 
53 14 371 10 
426 13 61 9 
327 14 102 3 
424 14 317 8 
266 6 97 3 
287 1 26 4 
16 2 497 12 
250 7 448 7 
425 7 197 14 
100 3 385 8 
375 2 286 2 
490 3 146 9 
223 4 132 11 
428 6 157 3 
232 3 185 10 
274 8 168 6 
476 2 462 6 
209 4 52 6 
260 7 331 3 
422 9 19 6 
59 15 182 2 
360 6 234 15 
341 14 382 5 
141 13 284 1 
367 12 202 6 
80 5 251 13 
409 7 237 1 
99 13 93 4 
411 14 289 8 
79 14 440 11 
483 15 342 3 
212 6 37 6 
346 9 152 10 
70 6 454 7 
73 3 474 5 
351 11 252 7 
246 2 34 7 
85 12 330 4 
378 11 170 1 
259 4 493 8 
213 5 402 1 
77 6 114 12 
285 6 179 12 
368 1 304 11 
300 10 194 6 
374 13 56 14 
229 4 475 5 
372 8 235 8 
243 2 105 14 
419 7 363 8 
296 10 347 5 
140 7 139 14 
6 7 460 8 
340 12 30 3 
189 1 48 8 
420 2 15 9 
134 8 148 3 
305 11 196 15 
499 13 500 4 
390 2 423 12 
433 3 108 3 
231 1 120 14 
269 8 72 1 
479 4 465 15 
441 13 366 11 
262 6 153 7 
395 10 404 2 
31 2 310 10 
227 15 178 3 
88 9 335 1 
306 1 308 13 
270 7 290 10 
7 8 193 9 
60 13 4 2 
495 12 224 12 
75 15 84 6 
47 4 184 4 
151 10 9 12 
354 8 256 15 
87 13 431 1 
412 13 373 11 
176 1 449 14 
294 3 240 11 
98 15 405 11 
1 12 283 1 
1000 12 613 3 271 5 121 11 
909 15 560 5 289 4 15 4 
787 8 634 15 431 6 186 6 
989 2 686 13 319 2 274 12 
838 11 666 3 411 13 228 7 
968 7 531 10 462 3 242 4 
988 8 644 8 298 7 62 12 
781 9 676 6 352 3 54 7 
993 12 517 4 242 10 52 8 
823 3 607 5 299 11 270 10 
906 9 678 7 480 3 49 4 
777 4 704 15 426 7 61 2 
828 9 636 14 278 3 97 15 
753 8 533 13 416 13 273 5 
971 9 676 7 485 5 154 14 
922 2 603 6 476 6 2 13 
793 4 601 2 272 11 134 3 
799 5 736 14 469 12 23 1 
935 6 571 10 460 11 98 6 
793 7 572 7 362 4 108 9 
869 10 750 9 494 10 11 5 
827 7 691 6 278 2 195 12 
794 12 696 14 365 10 44 10 
890 12 722 14 498 3 81 14 
811 9 549 13 286 10 125 12 
921 4 634 6 382 5 143 4 
852 10 681 1 427 13 223 12 
821 9 608 7 354 12 91 6 
849 15 689 8 323 1 3 10 
969 3 519 4 441 13 163 13 
983 2 627 1 330 12 222 7 
909 6 567 3 308 1 214 5 
799 12 701 8 419 6 126 11 
952 7 704 5 257 2 143 11 
862 13 735 12 275 8 191 13 
862 8 605 3 351 4 147 4 
947 6 733 15 351 5 29 9 
875 12 705 4 479 3 93 2 
903 12 611 11 343 4 96 9 
769 1 642 12 401 13 33 6 
797 11 524 15 399 10 196 3 
766 9 569 4 287 11 148 7 
837 3 705 6 406 2 164 12 
891 15 650 11 342 7 175 7 
892 4 670 10 269 4 221 5 
808 2 512 10 356 9 205 5 
992 4 547 9 360 1 196 9 
970 8 526 3 309 9 188 14 
865 4 697 14 281 3 45 7 
847 1 624 3 366 14 77 5 
775 15 709 12 384 6 172 7 
933 6 631 15 435 5 112 12 
916 14 611 4 288 15 208 14 
844 10 534 15 364 5 36 3 
852 1 550 11 340 4 140 4 
961 14 615 13 467 5 203 9 
907 9 552 1 374 4 79 4 
905 1 513 12 449 9 184 12 
936 15 508 9 387 5 62 8 
989 13 662 13 360 14 209 8 
917 9 648 15 291 11 109 3 
776 9 594 12 473 1 168 14 
812 2 558 7 385 3 72 10 
830 3 568 1 395 4 192 12 
823 8 712 12 390 6 86 9 
826 5 546 13 264 10 73 7 
913 12 545 4 346 3 141 7 
795 2 509 15 340 3 35 7 
910 8 702 15 264 6 18 3 
949 6 608 6 274 4 144 5 
872 12 635 4 480 7 175 10 
978 1 510 14 345 8 90 11 
950 3 562 11 297 14 132 2 
857 13 742 13 363 8 231 3 
991 15 609 10 332 12 106 15 
863 12 600 10 405 14 229 13 
957 6 748 11 346 15 84 5 
814 2 613 3 465 11 227 1 
945 14 732 4 342 15 181 4 
941 5 651 2 326 8 58 5 
807 5 538 8 470 7 8 5 
767 14 593 6 348 13 93 2 
866 12 643 11 347 9 97 8 
991 6 575 10 469 10 167 2 
953 12 690 2 489 12 226 9 
898 9 547 11 244 1 104 14 
995 13 654 9 489 3 101 6 
985 9 660 7 382 2 164 14 
831 7 567 8 432 2 183 5 
795 7 646 3 414 5 259 2 
759 1 725 6 291 14 50 12 
880 15 520 15 486 13 204 10 
943 4 658 15 313 10 39 6 
894 6 574 10 329 2 225 4 
820 5 749 3 359 9 208 9 
878 8 580 6 395 4 245 12 
920 3 712 11 300 3 166 5 
999 15 735 10 442 10 19 15 
943 13 746 15 456 14 160 6 
925 3 708 8 447 4 236 3 
779 14 733 6 339 9 104 14 
918 3 727 6 241 13 211 6 
895 9 537 8 494 3 63 5 
771 3 699 1 390 14 157 5 
964 14 637 3 413 12 99 7 
757 14 539 13 322 1 109 9 
761 1 535 12 280 3 132 8 
976 3 563 12 443 15 195 11 
765 3 546 6 465 4 165 15 
902 6 688 11 461 11 16 9 
907 2 536 6 299 12 158 3 
887 11 597 11 286 6 213 15 
821 11 638 10 314 15 169 11 
957 12 639 5 366 9 133 8 
802 2 664 12 493 14 225 4 
809 2 575 15 466 14 188 10 
846 15 503 8 453 11 131 13 
801 11 586 7 396 11 181 3 
778 11 533 6 459 7 34 3 
977 14 510 4 497 10 187 10 
888 8 653 2 393 1 22 8 
900 13 603 15 368 1 250 8 
813 5 527 9 385 14 134 6 
910 3 502 8 315 4 61 12 
796 3 748 2 252 11 215 6 
878 5 653 11 260 8 55 2 
801 6 749 2 436 2 26 7 
761 7 626 3 398 4 56 11 
785 1 738 15 496 9 135 14 
797 6 665 2 430 3 6 15 
806 1 522 14 421 14 173 14 
928 11 721 3 353 3 21 1 
810 4 541 5 381 9 107 11 
972 8 514 15 303 13 117 9 
754 9 642 8 495 2 47 6 
787 1 711 4 439 4 51 10 
846 11 534 1 266 2 180 10 
914 11 587 2 388 13 60 11 
967 14 636 11 439 7 153 12 
967 7 678 13 338 7 215 8 
939 13 588 7 317 5 207 7 
853 12 505 3 370 8 126 3 
808 13 503 7 323 6 190 12 
859 4 721 10 479 5 166 6 
866 5 621 8 400 7 223 6 
927 9 565 13 392 15 34 5 
819 10 553 8 356 8 137 15 
972 3 648 9 361 13 89 9 
901 12 597 11 379 3 136 4 
889 11 679 9 363 4 232 3 
993 10 566 2 498 2 110 1 
948 10 508 6 280 12 243 6 
981 7 716 15 449 11 41 14 
828 1 703 14 384 5 198 7 
867 14 689 15 500 3 12 15 
915 7 559 14 399 7 15 11 
929 3 514 4 386 12 140 1 
784 14 540 7 400 11 205 1 
856 3 535 3 408 12 7 8 
848 10 559 9 302 13 79 9 
857 7 687 14 378 6 200 14 
863 6 615 3 307 9 168 11 
760 13 596 8 433 3 156 6 
765 15 666 12 303 1 194 14 
914 6 629 11 473 13 85 10 
833 11 665 11 307 4 129 10 
819 7 607 11 448 10 17 9 
931 6 632 15 252 3 55 1 
763 5 538 2 457 4 192 5 
954 1 633 14 312 13 238 13 
895 15 683 7 419 2 210 8 
756 3 715 7 444 15 257 11 
876 4 504 15 381 7 9 3 
831 11 737 14 446 9 92 8 
834 10 548 7 301 8 24 10 
997 1 703 14 309 8 42 5 
803 11 640 7 258 4 88 11 
984 3 513 13 283 10 170 9 
958 12 710 14 319 7 112 9 
818 11 564 2 405 10 167 1 
762 15 663 13 488 15 248 4 
936 2 692 15 308 4 91 8 
881 1 506 6 451 11 118 10 
992 4 610 8 300 9 94 13 
930 10 564 14 463 2 43 15 
841 9 570 6 452 6 25 3 
843 12 502 4 500 15 202 8 
839 15 716 6 350 15 101 15 
970 1 679 1 499 11 110 9 
752 14 691 1 472 2 122 4 
813 13 718 8 341 3 67 8 
751 11 602 4 372 7 28 4 
988 9 577 3 440 6 72 15 
960 6 726 1 344 14 201 4 
792 13 734 4 328 4 206 8 
973 15 717 4 337 10 83 2 
924 14 737 3 281 9 119 6 
859 12 729 4 256 15 146 9 
778 2 677 1 417 15 199 4 
788 11 560 1 375 14 218 8 
811 7 701 9 316 6 177 7 
940 6 551 4 348 14 311 10 
785 5 553 14 373 4 121 15 
798 8 720 2 338 10 228 1 
887 9 684 12 283 2 26 11 
758 1 614 12 478 5 171 2 
791 15 582 6 349 10 217 3 
754 6 674 4 368 3 177 12 
933 4 530 8 414 12 119 12 
860 14 740 10 277 5 95 1 
782 2 632 8 409 11 75 4 
947 6 616 2 441 7 70 12 
956 5 631 10 268 7 20 8 
777 12 604 14 284 8 70 6 
791 1 625 7 447 6 179 7 
902 1 516 2 389 13 171 2 
891 11 530 1 254 8 53 5 
900 4 706 4 290 12 87 13 
760 14 577 3 282 4 220 10 
858 14 723 15 288 9 52 7 
835 14 730 10 455 3 218 14 
885 5 529 14 269 11 43 6 
928 4 578 14 467 6 14 6 
990 12 592 10 420 9 75 2 
905 4 686 15 326 8 189 7 
893 5 524 4 453 8 165 4 
984 15 598 1 487 3 59 9 
836 7 743 5 417 9 147 10 
962 4 731 15 364 2 237 4 
767 1 519 2 245 15 46 3 
977 1 647 9 428 9 153 10 
930 3 626 14 376 3 145 6 
843 7 669 10 376 14 41 2 
937 15 675 14 418 1 124 10 
963 8 695 10 305 14 33 1 
752 7 562 15 392 13 161 1 
942 1 650 1 496 1 211 10 
885 3 585 9 289 3 30 5 
842 6 561 11 377 5 60 10 
998 11 595 11 393 2 193 2 
847 11 555 15 457 11 64 9 
858 4 624 9 407 8 172 13 
964 2 528 10 379 14 68 4 
875 12 687 11 383 14 180 4 
798 14 570 15 318 14 237 1 
952 2 571 11 476 15 142 7 
841 9 616 8 493 9 77 1 
816 9 505 6 320 2 247 15 
772 1 520 4 418 10 16 14 
923 7 501 6 412 7 114 10 
941 13 585 14 434 10 159 5 
951 7 537 6 464 7 150 7 
851 2 587 7 312 2 117 3 
897 7 685 15 353 6 84 2 
800 7 544 8 253 7 198 5 
994 15 709 1 422 8 45 9 
809 10 707 2 251 1 212 8 
860 14 588 7 432 7 17 14 
955 4 628 8 250 3 73 8 
934 7 599 8 380 2 83 6 
840 10 512 5 380 5 31 7 
981 6 693 9 412 12 88 8 
764 5 660 11 401 9 38 9 
786 7 640 3 466 2 187 10 
845 15 738 9 287 3 145 5 
920 6 630 3 474 10 155 10 
833 14 579 9 357 4 226 7 
899 5 739 9 310 2 103 2 
978 8 527 9 271 9 39 8 
987 7 545 3 450 3 137 11 
867 13 697 14 402 3 279 13 
903 4 696 6 497 13 244 6 
810 4 568 10 243 8 94 4 
931 8 509 1 406 11 44 1 
789 3 647 13 311 2 58 8 
906 9 627 8 394 14 10 7 
879 12 511 6 345 10 95 6 
753 14 623 5 292 11 42 6 
779 11 573 13 450 8 113 6 
881 6 680 13 442 12 37 15 
871 4 668 2 437 15 71 7 
768 9 715 10 374 14 204 4 
1000 1 741 6 276 2 14 11 
939 1 580 9 429 5 48 1 
958 6 724 15 490 13 80 13 
926 2 583 15 388 10 151 10 
921 1 739 4 332 1 6 9 
825 6 544 6 396 13 123 2 
944 8 590 4 327 4 68 2 
987 10 595 10 296 2 139 15 
804 11 671 1 336 3 76 15 
876 3 523 14 487 15 152 11 
816 4 668 14 415 7 107 6 
998 3 669 14 310 3 67 5 
899 7 671 7 475 2 40 13 
966 10 734 1 240 15 105 10 
822 14 728 2 402 7 130 10 
850 5 572 1 443 11 66 11 
839 2 518 11 251 11 27 15 
960 10 654 2 349 4 197 10 
911 10 599 1 391 1 50 4 
870 5 604 7 436 3 214 14 
877 14 731 7 296 4 235 2 
959 11 685 13 321 10 160 5 
973 11 590 3 425 13 186 12 
986 1 556 5 484 5 233 15 
884 8 698 11 490 6 191 10 
986 13 677 2 371 8 54 3 
886 8 673 10 377 1 193 1 
983 10 655 1 386 9 64 5 
829 7 682 8 488 3 102 10 
762 4 747 3 275 13 9 13 
874 4 565 6 267 4 65 4 
820 15 638 5 461 15 32 12 
882 15 723 14 337 6 189 2 
892 7 741 11 485 13 173 8 
919 8 606 3 352 2 19 15 
873 13 633 12 460 14 37 3 
886 7 661 7 427 9 78 9 
898 4 620 13 422 14 31 2 
837 11 644 2 325 8 159 7 
832 6 556 1 261 5 213 7 
814 13 745 10 454 4 5 5 
884 3 612 4 295 4 74 2 
861 7 732 14 471 14 8 3 
784 12 566 2 426 3 118 3 
918 14 602 3 304 9 47 11 
848 14 707 1 371 14 5 13 
827 14 744 14 293 2 120 1 
953 4 542 12 284 11 86 10 
934 3 698 15 304 15 232 7 
780 1 742 3 445 14 144 9 
844 5 629 3 321 3 1 1 
868 2 584 3 357 3 139 3 
985 1 641 13 273 10 82 2 
768 1 511 4 492 3 239 14 
755 5 589 6 408 10 163 3 
772 13 610 6 495 13 35 4 
904 7 667 8 451 6 59 9 
969 12 643 9 316 14 227 6 
938 14 711 2 261 13 230 1 
946 3 700 4 314 15 49 7 
818 4 517 9 318 3 197 11 
774 4 693 7 438 3 219 11 
840 10 706 14 298 4 120 7 
948 9 521 12 335 3 38 14 
966 5 729 11 336 6 3 6 
776 12 563 7 285 4 158 6 
901 11 543 9 335 4 12 3 
873 14 574 6 265 2 150 11 
951 11 699 5 424 3 182 8 
912 3 702 9 423 13 207 15 
896 15 730 15 293 9 18 13 
994 8 692 3 459 11 57 9 
877 10 586 3 262 9 69 5 
788 11 630 7 347 10 22 6 
822 13 592 4 324 14 176 7 
773 10 722 14 367 12 210 6 
838 10 651 1 272 3 115 15 
937 6 719 4 301 2 103 10 
783 11 523 3 253 15 202 11 
882 9 522 4 315 8 111 14 
965 8 528 7 334 1 25 10 
854 11 645 13 255 11 130 5 
913 11 623 11 433 7 66 13 
980 11 652 5 246 9 85 10 
940 12 700 8 292 14 116 4 
959 1 719 3 454 12 127 2 
824 6 543 13 483 4 148 15 
869 4 713 15 324 10 241 15 
916 10 714 13 477 1 174 9 
963 8 694 9 430 13 231 9 
996 11 713 13 302 7 141 15 
961 13 581 12 339 15 230 7 
926 2 662 6 463 9 13 4 
771 7 714 13 267 13 89 12 
911 5 673 4 415 13 277 2 
954 11 554 6 365 15 161 5 
755 7 557 1 355 4 176 3 
880 3 593 5 397 11 71 8 
904 12 619 1 294 2 20 13 
938 5 555 14 331 4 217 1 
864 12 549 11 383 7 4 2 
874 4 646 9 468 5 13 9 
925 8 583 1 499 13 185 15 
770 7 618 11 464 9 128 2 
856 4 635 5 295 10 82 11 
804 4 612 4 358 8 234 9 
830 5 591 15 359 14 98 1 
975 2 745 4 331 13 116 14 
888 12 684 7 435 15 330 7 
835 3 639 13 372 5 149 7 
757 10 515 12 327 5 154 8 
780 2 652 4 343 2 10 6 
982 10 664 8 305 1 80 13 
770 12 601 2 358 8 129 12 
774 8 659 6 333 9 108 10 
851 1 736 3 249 6 29 6 
773 9 596 7 328 9 209 4 
805 4 688 11 263 7 90 13 
842 1 622 6 458 6 162 5 
956 1 539 15 428 4 240 6 
908 15 657 3 438 8 122 13 
982 2 670 3 475 8 224 8 
999 11 532 2 373 2 246 13 
834 1 532 15 434 7 179 14 
806 2 649 8 474 14 63 2 
815 2 518 5 423 10 256 3 
942 7 609 12 354 6 155 4 
872 5 690 1 397 4 216 3 
944 14 672 9 270 2 238 7 
996 13 582 6 322 8 32 12 
751 8 614 12 276 2 206 2 
817 12 667 6 409 3 138 5 
861 4 541 1 361 7 233 5 
883 10 561 9 255 15 81 14 
912 8 619 1 403 9 174 14 
817 9 551 3 297 8 23 1 
965 7 641 14 477 1 185 12 
971 2 728 10 445 6 235 9 
789 2 600 14 391 2 102 11 
935 9 529 15 394 6 178 9 
975 12 507 13 424 15 69 6 
919 14 656 6 410 3 28 10 
924 7 558 13 472 7 113 2 
917 13 683 11 492 7 57 1 
855 3 507 3 398 15 92 6 
929 6 649 12 440 14 74 14 
807 2 621 14 362 14 151 2 
790 7 675 2 370 7 2 3 
995 1 525 10 455 5 96 14 
775 5 515 15 481 15 138 14 
976 3 680 11 258 7 224 10 
908 4 550 12 344 9 136 8 
864 9 620 1 458 5 221 11 
883 12 663 15 329 1 24 11 
826 2 726 4 416 11 265 11 
824 4 625 11 247 12 234 8 
758 3 672 5 355 12 123 3 
945 11 622 8 294 10 115 2 
980 13 531 2 260 9 219 14 
836 11 628 8 470 7 200 10 
865 3 747 2 444 14 146 13 
871 4 655 6 420 3 114 3 
849 9 525 14 249 6 100 15 
854 13 718 2 491 14 133 10 
825 8 724 7 341 4 201 13 
923 7 720 8 448 3 124 6 
997 14 618 10 429 10 30 1 
889 11 576 12 313 5 4 2 
759 13 557 7 462 12 51 14 
812 4 717 6 369 1 199 4 
803 7 661 4 407 14 216 12 
949 7 744 5 437 14 182 1 
802 2 708 4 471 5 190 9 
879 5 657 14 266 7 111 11 
782 6 710 10 484 11 142 1 
769 1 659 7 248 6 169 11 
870 7 501 14 378 15 76 7 
968 8 743 13 320 1 149 1 
763 11 552 8 254 11 40 3 
932 6 579 7 306 13 127 3 
845 9 542 1 369 1 48 2 
890 14 617 9 413 1 46 12 
979 15 617 9 404 3 194 1 
896 11 578 3 334 1 239 3 
815 6 521 12 491 2 36 9 
805 2 605 9 481 11 156 2 
796 11 674 5 446 8 236 2 
915 11 746 13 389 9 222 8 
792 7 548 13 482 3 157 9 
781 9 740 9 404 3 106 10 
853 11 573 1 350 6 178 10 
950 5 576 11 411 9 78 6 
962 5 682 5 375 6 1 12 
932 2 526 12 421 8 53 9 
794 4 727 5 452 13 152 8 
829 4 589 14 259 6 212 5 
979 4 584 5 333 14 21 15 
850 13 656 10 268 15 131 6 
855 6 516 3 325 5 100 8 
832 12 554 7 317 9 220 1 
946 15 536 6 483 9 162 6 
897 7 504 6 425 2 128 1 
783 9 658 10 367 1 183 14 
790 15 694 12 468 3 99 6 
868 13 506 2 478 9 125 4 
786 6 637 10 290 4 262 1 
756 3 695 6 282 7 135 11 
927 3 540 13 263 15 184 15 
766 2 581 3 410 9 65 6 
800 8 606 14 486 4 11 10 
955 8 598 14 306 14 56 15 
764 2 725 9 285 6 170 15 
990 12 594 3 387 8 105 8 
894 2 569 9 456 7 87 14 
922 12 750 11 403 7 229 1 
893 11 645 1 431 2 7 8 
974 13 591 7 279 6 203 1 
974 4 681 9 482 10 27 8 
