666 333 64
2 4
2 2 2 2 2 2 2 2 2 2 2 2 2 2 2 2 2 2 2 2 2 2 2 2 2 2 2 2 2 2 2 2 2 2 2 2 2 2 2 2 2 2 2 2 2 2 2 2 2 2 2 2 2 2 2 2 2 2 2 2 2 2 2 2 2 2 2 2 2 2 2 2 2 2 2 2 2 2 2 2 2 2 2 2 2 2 2 2 2 2 2 2 2 2 2 2 2 2 2 2 2 2 2 2 2 2 2 2 2 2 2 2 2 2 2 2 2 2 2 2 2 2 2 2 2 2 2 2 2 2 2 2 2 2 2 2 2 2 2 2 2 2 2 2 2 2 2 2 2 2 2 2 2 2 2 2 2 2 2 2 2 2 2 2 2 2 2 2 2 2 2 2 2 2 2 2 2 2 2 2 2 2 2 2 2 2 2 2 2 2 2 2 2 2 2 2 2 2 2 2 2 2 2 2 2 2 2 2 2 2 2 2 2 2 2 2 2 2 2 2 2 2 2 2 2 2 2 2 2 2 2 2 2 2 2 2 2 2 2 2 2 2 2 2 2 2 2 2 2 2 2 2 2 2 2 2 2 2 2 2 2 2 2 2 2 2 2 2 2 2 2 2 2 2 2 2 2 2 2 2 2 2 2 2 2 2 2 2 2 2 2 2 2 2 2 2 2 2 2 2 2 2 2 2 2 2 2 2 2 2 2 2 2 2 2 2 2 2 2 2 2 2 2 2 2 2 2 2 2 2 2 2 2 2 2 2 2 2 2 2 2 2 2 2 2 2 2 2 2 2 2 2 2 2 2 2 2 2 2 2 2 2 2 2 2 2 2 2 2 2 2 2 2 2 2 2 2 2 2 2 2 2 2 2 2 2 2 2 2 2 2 2 2 2 2 2 2 2 2 2 2 2 2 2 2 2 2 2 2 2 2 2 2 2 2 2 2 2 2 2 2 2 2 2 2 2 2 2 2 2 2 2 2 2 2 2 2 2 2 2 2 2 2 2 2 2 2 2 2 2 2 2 2 2 2 2 2 2 2 2 2 2 2 2 2 2 2 2 2 2 2 2 2 2 2 2 2 2 2 2 2 2 2 2 2 2 2 2 2 2 2 2 2 2 2 2 2 2 2 2 2 2 2 2 2 2 2 2 2 2 2 2 2 2 2 2 2 2 2 2 2 2 2 2 2 2 2 2 2 2 2 2 2 2 2 2 2 2 2 2 2 2 2 2 2 2 2 2 2 2 2 2 2 2 2 2 2 2 2 2 2 2 2 2 2 2 2 2 2 2 2 2 2 2 2 2 2 2 2 2 2 2 2 2 2 2 2 2 2 2 2 2 2 2 2 2 2 2 2 2 2 2 2 2 2 2 2 2 2 2 2 2 2 2 2 2 2 2 2 2 2 2 2 2 2 2 2 2 2 2 2 2 2 2 2 2 2 2 2 2 2 2 2 2 2 2 2 2 2 2 2 2 2 2 2 2 2 2 2 2 2 2 2 2 2 2 
4 4 4 4 4 4 4 4 4 4 4 4 4 4 4 4 4 4 4 4 4 4 4 4 4 4 4 4 4 4 4 4 4 4 4 4 4 4 4 4 4 4 4 4 4 4 4 4 4 4 4 4 4 4 4 4 4 4 4 4 4 4 4 4 4 4 4 4 4 4 4 4 4 4 4 4 4 4 4 4 4 4 4 4 4 4 4 4 4 4 4 4 4 4 4 4 4 4 4 4 4 4 4 4 4 4 4 4 4 4 4 4 4 4 4 4 4 4 4 4 4 4 4 4 4 4 4 4 4 4 4 4 4 4 4 4 4 4 4 4 4 4 4 4 4 4 4 4 4 4 4 4 4 4 4 4 4 4 4 4 4 4 4 4 4 4 4 4 4 4 4 4 4 4 4 4 4 4 4 4 4 4 4 4 4 4 4 4 4 4 4 4 4 4 4 4 4 4 4 4 4 4 4 4 4 4 4 4 4 4 4 4 4 4 4 4 4 4 4 4 4 4 4 4 4 4 4 4 4 4 4 4 4 4 4 4 4 4 4 4 4 4 4 4 4 4 4 4 4 4 4 4 4 4 4 4 4 4 4 4 4 4 4 4 4 4 4 4 4 4 4 4 4 4 4 4 4 4 4 4 4 4 4 4 4 4 4 4 4 4 4 4 4 4 4 4 4 4 4 4 4 4 4 4 4 4 4 4 4 4 4 4 4 4 4 4 4 4 4 4 4 4 4 4 4 4 4 4 4 4 4 4 4 
161 53 213 38 
121 23 192 31 
217 26 135 45 
120 7 167 45 
24 56 101 23 
134 6 116 52 
71 25 156 2 
332 12 198 36 
268 29 73 53 
242 52 158 34 
191 14 314 3 
233 8 40 18 
243 55 254 17 
315 32 221 56 
189 57 218 34 
212 36 18 55 
166 37 321 43 
179 33 117 7 
129 29 178 63 
53 47 78 43 
328 46 56 54 
175 10 226 46 
57 4 58 36 
70 32 26 49 
96 21 133 35 
27 39 210 28 
20 21 323 38 
288 20 223 27 
152 42 3 48 
60 8 255 17 
267 31 47 9 
102 39 291 51 
284 34 44 19 
94 61 311 4 
190 37 109 42 
320 35 263 60 
106 63 230 45 
32 14 277 42 
104 35 193 6 
31 52 215 13 
197 57 290 42 
286 19 272 48 
91 9 258 47 
21 47 79 13 
174 53 208 12 
112 24 141 4 
153 32 246 1 
327 2 312 46 
182 35 89 50 
317 42 43 30 
296 46 164 29 
105 7 200 41 
132 4 46 47 
203 21 130 33 
5 19 176 53 
238 2 118 33 
278 42 114 32 
195 38 59 5 
271 1 227 57 
224 23 42 10 
325 42 147 6 
13 51 194 61 
22 6 136 43 
159 8 240 53 
310 62 160 48 
239 16 123 45 
6 28 14 8 
45 41 69 3 
237 16 29 34 
265 32 92 43 
251 53 180 34 
322 61 145 57 
219 37 148 27 
95 33 38 62 
282 7 87 30 
140 2 35 61 
202 52 220 19 
204 25 163 15 
149 43 107 17 
275 2 287 33 
316 53 36 52 
295 13 50 2 
41 63 184 34 
186 48 169 50 
128 38 7 6 
124 27 65 21 
77 44 259 53 
206 47 244 7 
330 52 302 14 
181 61 262 47 
280 3 146 62 
188 6 261 58 
82 5 313 25 
17 60 222 39 
306 42 75 54 
88 29 245 19 
170 13 137 40 
55 43 318 15 
142 33 85 42 
81 35 127 28 
4 51 260 45 
253 45 86 20 
293 30 1 41 
214 33 247 58 
235 22 150 30 
266 46 151 16 
264 1 115 40 
10 4 168 46 
236 25 139 33 
324 5 143 39 
103 5 97 5 
49 28 9 5 
285 46 62 20 
333 25 199 55 
241 6 249 32 
307 34 165 7 
207 33 257 11 
68 1 326 36 
125 18 122 50 
61 48 80 56 
201 34 54 6 
294 5 304 23 
281 46 274 40 
76 28 110 27 
90 20 67 4 
299 27 279 18 
84 47 37 57 
270 20 63 52 
269 53 2 1 
126 53 16 16 
308 33 93 27 
51 1 52 57 
30 7 113 47 
154 22 298 26 
209 54 155 12 
144 30 211 43 
232 48 231 46 
12 26 196 20 
19 42 292 17 
74 63 72 2 
252 13 301 61 
256 12 11 31 
216 29 34 29 
157 49 99 36 
100 51 39 63 
289 14 273 37 
185 36 276 55 
8 55 225 34 
234 7 28 18 
173 30 131 2 
183 28 15 23 
66 31 119 51 
300 10 138 56 
250 28 64 30 
248 6 303 23 
162 44 205 47 
283 35 177 23 
305 3 297 4 
187 17 33 17 
164 7 319 48 
234 4 98 45 
121 19 113 48 
290 29 48 26 
143 57 108 26 
322 41 111 6 
298 26 329 31 
5 40 25 36 
26 41 172 56 
69 36 13 33 
73 62 171 2 
323 52 134 52 
139 19 82 22 
36 34 86 1 
106 55 210 23 
28 45 160 52 
68 30 167 58 
174 24 151 62 
99 53 309 19 
77 33 250 37 
314 39 83 29 
184 57 54 59 
157 6 303 61 
33 9 286 13 
29 34 269 63 
63 12 267 10 
19 53 295 47 
320 32 32 31 
7 34 135 20 
255 43 12 22 
20 13 313 19 
287 1 149 51 
21 19 244 23 
128 49 88 35 
321 53 196 10 
247 9 227 48 
207 10 253 2 
299 41 195 46 
288 19 228 37 
112 15 49 42 
2 13 257 49 
280 60 111 60 
148 25 116 11 
231 21 181 60 
66 31 331 52 
127 32 133 36 
92 22 107 51 
202 26 60 17 
38 60 23 58 
168 42 25 61 
324 10 305 25 
130 15 101 63 
162 30 166 13 
185 11 18 42 
10 26 105 21 
319 45 236 61 
237 61 35 53 
51 36 248 38 
43 23 71 46 
300 10 307 51 
138 25 24 57 
147 38 241 38 
172 48 289 46 
186 63 327 6 
325 8 152 9 
270 60 203 16 
188 3 141 56 
222 32 271 51 
153 23 306 56 
74 5 238 48 
169 28 218 60 
97 18 194 29 
175 20 309 28 
233 35 119 1 
197 42 312 61 
258 19 235 59 
333 57 176 56 
240 59 161 24 
46 54 129 12 
251 31 216 4 
326 51 229 16 
199 12 34 44 
123 35 274 29 
263 30 223 48 
108 24 11 12 
154 41 95 27 
183 62 316 28 
212 58 87 6 
281 21 42 2 
265 27 37 17 
136 16 201 18 
83 45 79 12 
144 38 44 61 
311 18 124 61 
214 8 48 12 
9 43 329 11 
118 2 50 8 
14 4 109 49 
45 13 110 47 
230 45 304 31 
27 55 64 43 
256 11 75 18 
1 35 245 20 
47 34 158 11 
272 61 243 32 
114 42 171 47 
140 22 59 38 
308 41 208 15 
297 52 275 35 
279 26 178 34 
215 24 284 5 
103 15 192 40 
293 4 229 32 
264 29 330 26 
191 63 273 20 
163 15 91 23 
145 58 260 32 
156 34 52 14 
189 62 81 22 
177 1 182 4 
219 58 170 61 
117 29 58 57 
180 22 266 7 
31 27 17 32 
142 8 226 23 
213 4 100 22 
120 46 125 53 
3 36 102 16 
15 62 85 54 
254 18 16 15 
96 4 8 30 
65 39 198 30 
205 23 137 53 
76 38 315 24 
122 43 310 27 
276 62 217 56 
221 33 72 26 
94 20 283 56 
57 40 104 32 
211 35 70 25 
6 60 294 51 
332 11 155 63 
239 41 132 12 
252 7 242 38 
187 6 204 31 
40 52 56 20 
285 28 292 63 
268 11 165 31 
159 18 30 58 
55 7 98 40 
262 9 200 56 
84 34 249 34 
89 41 220 33 
61 47 318 14 
206 59 150 19 
296 6 131 59 
282 8 93 10 
317 2 277 40 
302 51 146 57 
67 54 53 51 
261 53 179 37 
301 40 80 56 
62 34 246 51 
209 15 331 57 
41 31 232 12 
291 45 173 1 
126 29 225 35 
259 30 328 62 
78 32 39 34 
115 17 22 53 
90 11 228 36 
4 8 193 9 
224 60 23 61 
190 26 278 14 
104 43 68 30 
88 37 274 37 
57 1 226 1 
158 10 172 58 
281 26 286 33 
272 48 270 60 
323 31 164 18 
191 29 320 28 
46 10 55 11 
259 59 160 45 
102 63 7 35 
110 2 89 11 
188 63 282 40 
333 21 51 57 
325 35 194 22 
137 52 311 5 
276 53 148 3 
190 25 199 61 
6 52 162 39 
112 14 165 2 
275 55 95 51 
38 4 120 16 
278 41 83 41 
133 14 11 61 
252 27 116 33 
168 3 219 18 
326 59 266 45 
328 4 163 2 
177 13 10 29 
176 32 39 53 
196 4 221 37 
84 31 255 8 
230 17 260 5 
150 24 35 15 
238 57 52 21 
124 32 113 16 
26 57 8 51 
21 24 18 32 
156 41 227 16 
167 29 212 35 
306 32 66 46 
166 26 37 27 
310 13 119 30 
94 49 222 26 
42 58 62 18 
243 25 250 30 
245 48 251 17 
183 6 117 32 
111 57 126 8 
131 11 299 14 
292 41 129 57 
242 33 247 62 
144 1 298 22 
108 39 103 5 
240 17 16 12 
151 23 213 10 
296 25 184 20 
331 6 69 9 
290 4 132 30 
72 44 324 52 
277 39 195 10 
235 16 143 49 
239 47 155 9 
161 11 207 3 
65 36 220 3 
30 13 82 12 
138 38 192 28 
70 54 29 47 
13 2 261 35 
136 1 121 14 
170 8 97 35 
171 10 187 31 
147 26 315 14 
200 43 186 51 
217 13 59 9 
159 60 307 32 
218 22 305 54 
254 57 216 59 
312 54 73 17 
209 62 295 13 
101 15 64 22 
98 58 71 10 
332 45 15 40 
141 25 115 39 
246 59 49 56 
157 28 4 7 
287 46 79 37 
327 3 253 7 
257 2 67 58 
152 60 33 20 
40 21 300 32 
169 23 304 28 
63 46 91 39 
228 29 76 19 
309 25 130 62 
206 6 106 28 
60 61 330 33 
23 38 99 63 
182 27 321 53 
237 4 34 53 
294 41 214 32 
256 4 12 3 
234 5 244 41 
229 3 56 13 
265 21 175 58 
224 19 233 61 
25 4 268 54 
225 9 284 54 
149 44 31 61 
134 57 1 9 
54 39 75 13 
258 1 193 63 
314 38 202 46 
297 41 3 21 
316 53 154 11 
93 54 231 51 
87 36 197 3 
322 43 140 34 
2 38 179 47 
139 59 92 51 
280 37 232 17 
279 28 180 59 
153 57 318 45 
308 47 142 45 
20 43 123 51 
27 40 14 61 
41 60 313 6 
81 50 53 1 
90 63 301 61 
146 16 32 9 
28 22 174 53 
329 20 17 56 
86 38 178 34 
293 14 80 41 
291 49 78 63 
203 62 122 48 
263 20 249 16 
264 42 303 13 
48 27 96 15 
36 3 273 10 
77 35 105 48 
100 11 181 28 
145 50 189 19 
288 12 22 60 
85 8 47 30 
211 14 135 20 
302 58 50 3 
201 57 267 27 
271 38 173 6 
223 38 269 48 
107 54 127 41 
208 22 114 23 
24 47 61 51 
205 30 74 7 
44 59 236 57 
285 15 5 36 
198 58 241 42 
283 9 289 19 
215 61 45 16 
109 45 19 52 
204 8 9 10 
248 36 317 57 
125 32 43 33 
210 49 58 15 
118 37 319 46 
262 63 185 41 
125 21 128 33 
306 61 70 18 
325 4 80 26 
8 63 262 6 
4 35 276 45 
229 46 74 16 
235 53 197 14 
127 54 115 47 
165 21 272 4 
133 40 116 38 
222 20 40 19 
314 42 169 2 
76 6 88 30 
32 54 137 2 
174 56 110 33 
15 30 296 13 
186 45 319 37 
266 3 139 50 
30 3 12 34 
86 30 315 36 
304 35 246 32 
298 41 321 23 
267 32 98 54 
55 46 108 24 
135 9 146 21 
124 36 95 2 
144 43 132 50 
216 10 290 34 
18 50 24 57 
47 22 107 46 
291 47 261 49 
26 46 297 62 
90 13 51 9 
97 60 163 10 
223 25 324 54 
255 37 13 30 
312 10 195 22 
176 25 302 29 
277 42 45 7 
217 35 238 36 
265 60 206 7 
159 39 19 15 
187 33 113 50 
202 3 239 21 
83 63 59 60 
178 51 305 41 
62 21 259 58 
185 40 122 31 
211 26 252 1 
294 18 288 57 
210 29 221 23 
158 50 161 10 
214 60 208 12 
136 34 79 47 
85 6 263 47 
301 28 106 8 
309 32 16 32 
28 48 141 43 
29 24 213 8 
149 30 327 56 
64 18 329 47 
72 10 114 54 
237 49 311 25 
171 36 323 22 
215 37 61 54 
199 35 182 32 
145 8 84 45 
231 52 101 8 
143 55 78 8 
180 2 27 25 
257 52 224 51 
42 3 148 42 
184 52 9 30 
75 12 36 23 
269 29 292 21 
2 18 20 13 
82 5 43 12 
201 1 254 25 
278 29 233 25 
44 51 241 35 
91 55 109 36 
105 62 313 28 
35 49 250 25 
281 19 37 15 
218 58 69 47 
285 24 212 60 
177 59 68 5 
193 60 17 37 
10 27 331 42 
166 35 299 26 
283 19 128 49 
66 8 258 11 
251 19 191 28 
326 6 96 14 
147 40 87 31 
286 50 104 36 
155 35 120 11 
183 58 111 56 
318 46 308 43 
138 47 34 58 
173 31 219 23 
284 55 14 29 
39 39 121 8 
240 2 153 52 
226 14 256 15 
92 12 190 32 
243 32 134 17 
53 56 167 4 
273 34 157 33 
67 21 63 5 
274 23 192 32 
54 49 293 31 
322 24 228 52 
140 52 25 54 
230 22 103 45 
46 29 303 17 
49 16 317 53 
234 54 168 21 
164 3 23 9 
56 32 220 50 
253 20 112 41 
172 42 328 59 
142 45 268 20 
52 63 77 6 
188 15 118 2 
244 27 204 2 
200 11 129 55 
247 57 38 30 
151 4 316 40 
249 49 156 13 
162 57 71 33 
279 14 242 16 
198 54 232 60 
94 21 93 55 
7 41 307 35 
227 57 21 37 
126 5 33 63 
280 12 11 39 
89 22 99 55 
203 11 131 31 
333 50 332 61 
260 46 282 21 
289 5 73 54 
154 37 81 59 
179 54 48 47 
320 61 310 1 
295 49 245 29 
175 58 102 57 
264 58 271 1 
22 46 209 25 
152 40 119 41 
60 61 225 34 
205 9 207 63 
181 6 194 30 
5 35 130 27 
41 23 3 62 
330 55 150 14 
50 10 57 15 
31 47 123 23 
100 54 6 10 
236 49 170 25 
58 43 287 16 
275 6 248 39 
117 15 300 40 
196 45 160 13 
65 29 270 13 
1 42 189 31 
666 42 443 9 262 35 103 41 
575 18 452 38 200 13 129 1 
655 62 447 21 287 36 29 48 
504 35 419 7 331 8 101 51 
654 35 489 36 167 40 55 19 
659 10 352 52 300 60 67 28 
634 41 344 35 188 34 85 6 
503 63 370 51 290 30 148 55 
572 30 494 10 255 43 112 5 
588 27 362 29 214 26 108 4 
637 39 357 61 244 12 142 31 
518 34 435 3 189 22 138 26 
535 30 402 2 169 33 62 51 
601 29 459 61 257 4 67 8 
515 30 416 40 288 62 151 23 
556 32 388 12 289 15 130 16 
587 37 465 56 283 32 94 60 
528 50 371 32 213 42 16 55 
541 15 493 52 186 53 139 42 
575 13 458 43 190 13 27 21 
635 37 371 24 192 19 44 47 
649 46 477 60 329 53 63 6 
618 9 431 38 332 61 208 58 
528 57 486 47 220 57 5 56 
613 54 440 4 209 61 167 36 
531 46 370 57 168 41 24 49 
569 25 459 40 260 55 26 39 
557 48 464 22 175 45 149 18 
558 24 401 47 184 34 69 34 
518 3 399 13 308 58 133 7 
658 47 442 61 283 27 40 52 
513 54 463 9 187 31 38 14 
636 63 423 20 183 9 159 17 
599 58 433 53 241 44 143 29 
582 49 367 15 216 53 76 61 
573 23 473 3 173 34 81 52 
583 15 375 27 249 17 127 57 
627 30 355 4 208 60 74 62 
602 39 363 53 328 34 145 63 
510 19 424 21 305 52 12 18 
655 23 460 60 324 31 83 63 
571 3 378 58 248 2 60 10 
576 12 496 33 218 23 50 30 
579 51 488 59 252 61 33 19 
538 7 492 16 258 13 68 41 
615 29 342 10 238 54 53 47 
529 22 478 30 263 34 31 9 
644 47 472 27 254 12 163 26 
616 16 418 56 199 42 112 28 
657 10 480 3 256 8 82 2 
532 9 347 57 217 36 132 1 
623 63 368 21 277 14 132 57 
607 56 461 1 319 51 20 47 
611 49 444 39 181 59 121 6 
523 46 342 11 309 7 98 43 
619 32 437 13 305 20 21 54 
657 15 336 1 298 40 23 4 
661 43 497 15 281 57 23 36 
544 60 408 9 266 38 58 5 
651 61 430 61 207 17 30 8 
564 54 486 51 313 47 120 48 
546 21 378 18 322 34 113 20 
609 5 426 46 185 12 128 52 
560 18 414 22 260 43 154 30 
665 29 398 36 291 39 86 21 
591 8 374 46 204 31 152 31 
609 21 422 58 319 54 125 4 
586 5 334 30 176 30 118 1 
584 47 391 9 169 36 68 3 
501 18 401 54 299 25 24 32 
630 33 415 10 218 46 7 25 
561 10 393 44 296 26 140 2 
642 54 412 17 170 62 9 53 
505 16 487 7 229 5 140 63 
573 12 444 13 261 18 95 54 
512 6 427 19 293 38 124 28 
623 6 474 35 179 33 87 44 
568 8 468 63 328 32 20 43 
553 47 420 37 251 12 44 13 
502 26 467 41 321 56 120 56 
643 59 461 50 278 22 100 35 
576 5 399 12 172 22 93 5 
544 63 356 41 251 45 180 29 
566 45 365 31 311 34 127 47 
554 6 478 8 288 54 99 42 
519 30 466 38 173 1 102 20 
594 31 450 36 247 6 75 30 
512 30 335 37 193 35 96 29 
638 22 345 11 312 41 49 50 
532 13 462 63 330 11 125 20 
580 55 426 39 275 23 43 9 
605 12 453 51 206 22 70 43 
633 55 449 54 316 10 131 27 
633 21 377 49 297 20 34 61 
525 2 354 51 245 27 74 33 
593 14 472 15 290 4 25 21 
533 60 404 35 231 18 111 5 
522 54 415 58 309 40 161 45 
638 55 431 63 178 53 144 36 
659 54 475 11 285 22 145 51 
567 8 414 15 211 63 5 23 
647 57 344 63 287 16 32 39 
614 45 387 5 271 15 111 5 
595 36 334 43 298 32 39 35 
581 62 474 48 214 21 52 7 
555 8 429 28 174 55 37 63 
529 46 484 54 206 51 79 17 
523 24 387 39 244 24 164 26 
580 36 493 45 257 49 35 42 
514 33 345 2 258 47 124 27 
597 56 382 57 201 60 165 6 
620 41 353 14 199 15 46 24 
542 50 369 16 162 48 133 47 
561 54 485 23 265 42 57 32 
507 47 417 39 329 17 107 40 
509 38 358 33 202 11 6 52 
663 15 381 32 281 29 18 7 
624 2 498 37 256 2 56 33 
650 41 376 30 233 1 152 51 
596 11 355 16 286 46 4 7 
602 8 403 14 162 19 2 23 
547 31 469 48 294 43 119 50 
658 23 458 51 242 35 66 45 
525 36 369 32 253 61 86 27 
500 21 496 32 286 53 119 18 
636 5 382 8 326 29 130 53 
507 54 484 41 205 32 100 28 
590 49 500 33 193 49 85 38 
626 55 384 57 238 12 19 29 
654 27 428 62 211 15 54 33 
639 31 383 11 315 59 150 2 
526 50 392 30 302 12 53 4 
509 40 357 14 205 36 25 35 
606 17 443 57 171 52 6 6 
524 9 479 20 188 20 3 45 
553 34 403 1 250 16 63 43 
513 2 349 52 292 53 97 40 
599 47 400 38 220 25 153 56 
517 50 453 59 172 19 109 33 
613 52 451 34 266 22 76 2 
557 43 417 25 226 56 46 4 
622 45 457 45 284 8 99 33 
568 55 395 49 164 57 110 39 
526 43 386 1 252 38 136 30 
566 8 476 50 276 58 72 57 
524 21 463 16 318 57 91 62 
594 40 406 26 221 38 61 6 
571 42 350 3 202 25 73 27 
559 30 442 44 191 51 79 43 
656 14 367 24 314 19 105 30 
628 4 389 23 177 62 106 16 
650 40 423 60 224 9 29 42 
603 52 456 57 228 23 47 32 
643 37 448 11 245 41 134 22 
596 35 396 9 301 63 135 12 
629 13 372 41 277 34 7 2 
608 33 419 28 182 6 144 49 
551 50 337 10 263 11 10 34 
541 39 409 60 308 18 64 8 
664 13 343 45 175 52 65 48 
551 10 397 11 237 24 1 53 
630 57 352 39 212 30 156 44 
533 10 361 2 275 15 78 15 
618 3 340 18 160 7 51 29 
508 21 353 2 307 31 116 7 
589 35 375 26 212 13 17 37 
607 4 373 29 176 58 4 45 
617 21 359 3 209 42 108 46 
511 2 425 23 230 28 84 50 
660 25 404 8 280 61 97 13 
563 36 405 10 265 47 170 2 
621 42 337 58 222 48 168 56 
600 31 482 6 325 1 150 30 
514 56 464 53 177 24 45 53 
647 58 438 58 232 20 22 10 
537 25 363 32 236 56 55 53 
586 59 362 13 279 1 157 23 
545 51 466 34 269 34 19 63 
644 54 452 47 320 37 18 33 
569 2 455 59 282 22 71 34 
653 6 475 28 203 60 90 61 
565 32 432 27 279 4 49 35 
597 58 381 6 246 62 151 28 
572 52 390 20 181 57 83 34 
547 40 499 41 213 11 147 36 
516 45 407 51 223 63 84 48 
542 33 405 31 304 6 159 17 
624 15 346 63 226 3 92 6 
666 31 476 19 278 62 15 57 
605 32 351 25 333 26 35 37 
592 28 341 29 274 63 11 14 
610 32 400 28 271 40 2 31 
587 60 445 63 331 9 39 6 
653 30 348 22 231 29 62 61 
536 22 394 10 197 46 58 38 
664 45 364 4 194 10 138 20 
506 14 450 3 234 42 41 57 
632 54 490 58 291 30 8 36 
565 35 351 61 241 12 114 55 
626 11 407 43 310 56 52 41 
577 1 481 57 250 18 121 34 
543 3 446 46 207 26 77 52 
639 11 469 62 225 16 54 21 
625 2 494 8 304 31 78 25 
652 9 487 30 292 23 156 47 
540 7 429 6 314 59 88 47 
652 63 397 3 196 10 117 33 
552 12 485 22 267 15 45 12 
649 25 413 62 323 15 135 54 
550 29 497 49 174 23 26 28 
548 26 479 14 299 35 136 43 
585 60 373 35 247 58 16 36 
558 8 389 10 285 4 1 38 
552 60 434 32 254 8 104 33 
564 37 492 61 270 24 40 13 
527 10 411 59 239 4 143 29 
539 35 408 13 295 56 3 26 
584 58 410 22 230 60 15 34 
600 23 359 18 280 58 73 37 
619 50 398 3 312 33 77 19 
550 23 364 37 296 33 14 56 
510 20 377 26 227 32 94 39 
534 25 483 38 243 48 28 27 
570 51 439 19 332 60 60 23 
651 34 441 9 326 35 148 34 
604 14 336 1 284 23 22 46 
635 57 372 16 195 48 59 57 
612 52 427 29 330 36 198 37 
505 46 437 3 272 32 240 16 
614 22 366 17 259 45 37 45 
567 52 449 51 203 21 137 46 
632 60 454 17 324 12 137 48 
578 25 439 61 233 35 12 8 
617 54 436 5 161 4 149 7 
506 53 395 16 235 59 105 22 
660 49 488 57 215 61 109 25 
562 49 433 4 216 61 69 16 
539 36 368 57 229 48 56 2 
543 21 396 47 302 41 66 16 
603 2 388 17 237 59 64 53 
579 35 490 42 221 38 115 6 
631 16 385 33 303 38 10 52 
606 32 379 25 264 32 13 55 
625 27 436 41 192 23 88 7 
646 29 380 48 262 20 96 19 
520 32 418 59 322 51 47 1 
627 57 385 62 195 9 104 58 
662 39 495 36 217 38 155 6 
629 49 470 16 311 34 115 32 
582 25 379 30 179 37 154 28 
592 19 380 17 239 31 71 53 
548 1 358 27 303 7 141 13 
620 20 421 7 196 2 102 45 
577 25 411 57 289 18 13 17 
535 37 365 8 189 43 30 17 
604 15 435 4 261 11 142 12 
570 52 422 2 200 49 117 11 
591 11 445 1 235 19 43 47 
546 58 343 59 327 30 87 53 
641 46 366 5 276 32 101 45 
530 49 402 35 320 53 92 58 
503 6 499 63 310 9 90 47 
554 47 470 20 243 30 36 60 
648 58 471 42 273 29 107 1 
540 60 438 21 249 27 70 32 
517 3 360 45 282 7 106 46 
522 32 481 27 185 10 31 31 
622 20 440 54 307 11 9 29 
574 29 483 48 184 63 129 53 
665 13 339 60 225 60 128 20 
648 1 482 38 227 51 59 1 
508 4 339 48 264 61 42 48 
608 34 473 10 274 20 146 37 
610 23 335 37 242 29 123 40 
662 6 354 55 268 35 80 2 
504 45 350 53 295 62 147 55 
538 42 394 39 317 40 38 42 
578 29 356 41 333 14 57 42 
631 14 455 28 269 26 126 18 
637 12 454 37 201 60 91 3 
583 19 338 26 248 21 123 46 
641 21 346 40 316 8 75 7 
590 19 491 9 297 56 157 35 
601 55 441 54 270 5 33 34 
585 24 489 15 306 28 113 46 
595 50 338 33 183 13 42 19 
661 16 420 46 191 1 80 33 
549 57 477 12 198 19 28 20 
642 5 491 19 222 46 146 14 
527 34 392 4 163 29 41 42 
530 47 468 49 325 45 32 51 
574 21 384 41 306 63 139 17 
611 31 467 14 272 4 103 30 
549 18 434 41 300 51 122 5 
646 49 413 13 186 47 82 13 
515 13 390 25 315 6 51 46 
531 62 447 41 268 52 158 4 
521 41 386 22 166 26 134 26 
589 26 383 14 197 41 126 27 
663 40 424 32 219 10 153 10 
555 28 462 61 321 40 141 61 
537 29 480 58 318 51 89 14 
615 17 471 13 182 61 155 23 
520 35 425 28 259 31 122 23 
545 41 410 54 210 25 158 3 
501 61 374 32 228 56 95 42 
634 35 409 32 219 51 116 34 
598 43 457 47 267 41 131 33 
556 32 428 25 232 28 178 19 
645 1 376 13 294 27 65 62 
562 25 349 5 253 18 34 4 
536 10 412 54 234 61 48 46 
581 28 460 6 190 19 93 25 
511 42 446 38 180 39 11 3 
519 36 406 14 293 24 14 32 
628 40 448 53 246 28 81 53 
616 53 495 57 317 2 50 42 
598 46 456 45 313 14 98 15 
516 37 498 46 215 45 160 48 
645 61 341 28 187 32 36 35 
521 23 432 53 194 53 17 43 
612 24 451 43 165 41 72 61 
563 22 340 31 171 52 27 38 
534 54 393 52 210 10 110 5 
502 4 348 35 224 8 61 42 
593 6 360 59 240 51 118 36 
559 56 421 3 223 6 48 2 
621 59 361 4 327 62 21 46 
560 47 465 20 255 11 166 31 
656 55 430 33 273 26 89 52 
588 42 391 6 323 57 204 52 
640 61 416 45 301 11 8 12 
640 50 347 21 236 57 114 25 
