192 48 64
2 8
2 2 2 2 2 2 2 2 2 2 2 2 2 2 2 2 2 2 2 2 2 2 2 2 2 2 2 2 2 2 2 2 2 2 2 2 2 2 2 2 2 2 2 2 2 2 2 2 2 2 2 2 2 2 2 2 2 2 2 2 2 2 2 2 2 2 2 2 2 2 2 2 2 2 2 2 2 2 2 2 2 2 2 2 2 2 2 2 2 2 2 2 2 2 2 2 2 2 2 2 2 2 2 2 2 2 2 2 2 2 2 2 2 2 2 2 2 2 2 2 2 2 2 2 2 2 2 2 2 2 2 2 2 2 2 2 2 2 2 2 2 2 2 2 2 2 2 2 2 2 2 2 2 2 2 2 2 2 2 2 2 2 2 2 2 2 2 2 2 2 2 2 2 2 2 2 2 2 2 2 2 2 2 2 2 2 2 2 2 2 2 2 
8 8 8 8 8 8 8 8 8 8 8 8 8 8 8 8 8 8 8 8 8 8 8 8 8 8 8 8 8 8 8 8 8 8 8 8 8 8 8 8 8 8 8 8 8 8 8 8 
31 20 7 8 
9 55 45 20 
38 28 28 54 
20 18 1 1 
33 31 3 28 
40 56 35 32 
34 1 48 21 
37 63 16 14 
22 19 13 49 
32 30 44 29 
23 47 25 2 
39 43 11 6 
21 10 12 56 
8 16 30 8 
29 36 24 26 
19 62 43 20 
26 57 10 21 
18 52 6 26 
42 47 36 2 
47 61 5 4 
27 6 14 18 
4 55 41 5 
46 43 2 51 
7 4 17 29 
27 59 15 7 
37 5 17 44 
10 13 44 35 
42 34 46 22 
9 42 25 8 
21 2 14 45 
19 60 38 38 
23 54 16 31 
29 57 35 25 
4 30 2 8 
8 15 11 53 
39 32 22 61 
6 22 47 20 
12 57 20 52 
13 41 15 58 
28 20 48 4 
33 31 1 13 
45 11 34 30 
26 14 43 1 
40 56 18 34 
30 17 32 43 
36 26 31 34 
24 12 3 60 
27 39 5 26 
25 3 5 29 
40 41 42 31 
37 7 14 22 
9 32 2 7 
29 15 46 51 
6 3 22 59 
12 47 10 43 
32 22 23 10 
38 19 35 54 
34 30 44 37 
26 21 28 13 
30 61 16 9 
11 60 33 46 
36 44 21 58 
15 13 20 21 
4 51 43 38 
24 27 45 63 
31 18 8 12 
47 49 3 52 
48 15 18 3 
17 53 13 57 
21 3 1 38 
48 14 39 63 
47 21 29 43 
9 50 19 4 
44 30 41 22 
42 45 24 47 
38 6 20 19 
14 48 11 46 
28 32 30 61 
17 58 5 27 
37 16 41 12 
22 51 7 61 
25 10 10 13 
31 21 18 23 
23 29 36 10 
3 10 19 30 
26 63 32 18 
12 57 7 29 
40 26 15 3 
6 34 43 30 
8 32 2 35 
34 5 1 18 
33 8 41 5 
35 18 39 8 
16 54 4 63 
10 42 13 46 
7 51 45 13 
6 31 35 3 
39 44 4 6 
34 4 2 48 
38 54 21 63 
24 9 32 52 
30 5 3 19 
44 30 43 42 
1 41 25 28 
29 4 48 33 
22 30 46 12 
40 13 16 52 
5 5 45 50 
36 25 28 43 
12 58 27 49 
11 47 47 27 
13 36 23 41 
42 29 17 17 
20 63 41 35 
19 57 37 53 
26 1 9 60 
46 9 27 47 
43 54 14 39 
26 36 8 23 
35 36 31 48 
19 17 18 61 
31 47 41 22 
4 34 18 53 
39 33 17 9 
40 12 2 36 
29 40 21 31 
20 34 14 55 
27 51 36 46 
24 34 6 12 
10 53 30 38 
11 19 13 61 
28 7 45 41 
42 45 47 10 
34 54 12 61 
5 43 33 21 
16 27 1 35 
33 39 23 13 
8 62 37 62 
46 23 38 18 
7 33 15 34 
25 42 22 23 
3 40 48 27 
32 12 15 34 
9 32 44 6 
4 35 13 4 
45 11 38 13 
43 8 29 1 
8 40 21 60 
11 24 7 2 
26 57 22 33 
20 53 36 10 
6 61 27 1 
46 39 31 51 
24 30 25 56 
9 56 35 9 
34 58 23 16 
33 36 40 37 
17 20 30 9 
44 36 16 61 
3 36 2 21 
5 10 32 46 
1 9 19 27 
15 47 39 35 
18 15 14 40 
47 54 28 11 
41 50 48 51 
10 52 37 17 
12 38 42 41 
15 24 21 23 
18 49 12 9 
46 55 30 60 
47 55 41 59 
27 56 16 47 
45 22 43 6 
6 39 37 54 
26 9 20 39 
13 54 38 12 
35 47 34 21 
31 54 32 5 
4 41 24 22 
7 30 3 35 
48 2 25 16 
9 37 11 37 
5 30 19 15 
14 25 2 62 
33 29 22 12 
8 30 42 63 
39 6 36 33 
17 63 44 31 
29 15 23 7 
10 15 40 47 
1 42 28 46 
192 42 162 9 136 35 104 41 91 18 70 38 41 13 4 1 
185 62 160 21 125 36 99 48 90 35 52 7 34 8 23 51 
181 35 160 36 142 40 102 19 85 10 67 52 47 60 5 28 
180 41 145 35 123 34 98 6 94 63 64 51 34 30 22 55 
184 30 161 10 135 43 108 5 79 27 49 29 48 26 20 4 
175 39 152 61 129 12 97 31 89 34 54 3 37 22 18 26 
181 30 149 2 140 33 96 51 87 29 81 61 24 4 1 8 
187 30 148 40 138 62 119 23 90 32 66 12 35 15 14 16 
183 37 155 56 144 32 116 60 73 50 52 32 29 42 2 55 
191 15 167 52 130 53 95 42 82 13 55 43 27 13 17 21 
183 37 149 24 131 19 111 47 77 46 61 60 35 53 12 6 
170 9 168 38 134 61 110 58 87 57 55 47 38 57 13 56 
177 54 145 4 131 61 112 36 95 46 69 57 39 41 9 49 
185 25 164 40 127 55 118 39 77 48 51 22 30 45 21 18 
169 24 163 47 143 34 140 34 88 3 63 13 39 58 25 7 
173 47 159 61 136 27 107 52 94 54 60 9 32 31 8 14 
189 63 158 20 124 9 113 17 79 58 69 53 26 44 24 29 
170 49 164 15 123 53 121 61 83 23 68 3 44 34 18 52 
184 15 162 27 121 17 115 57 85 30 73 4 31 60 16 62 
176 39 151 53 127 34 114 63 76 19 63 21 38 52 4 18 
169 23 148 60 126 31 100 63 70 3 62 58 30 2 13 10 
186 12 150 33 141 23 106 30 81 51 54 59 36 61 9 19 
190 7 156 16 137 13 112 41 84 29 56 10 32 54 11 47 
180 22 154 30 129 34 101 9 75 47 65 27 47 12 15 26 
182 16 154 56 141 42 104 28 82 10 49 3 29 8 11 2 
176 9 150 57 119 36 116 1 86 63 59 21 43 14 17 57 
173 56 152 1 128 51 117 47 110 49 48 39 25 59 21 6 
192 46 165 11 132 7 109 43 78 32 59 13 40 20 3 54 
190 15 147 1 126 40 105 4 72 43 53 15 33 57 15 36 
171 60 158 9 130 38 102 5 78 61 60 61 45 17 14 8 
179 54 153 51 122 47 120 48 83 21 66 18 46 34 1 20 
179 5 161 46 143 12 101 52 86 18 56 22 45 43 10 30 
186 29 157 36 137 39 135 21 92 8 61 46 41 31 5 31 
178 21 156 58 134 54 99 4 91 5 58 30 42 30 7 1 
178 47 155 9 120 36 97 3 93 18 57 54 33 25 6 32 
188 33 151 10 128 46 109 25 84 10 62 44 46 26 19 2 
175 54 167 17 138 62 115 53 80 16 51 7 26 5 8 63 
177 12 146 13 139 18 100 54 76 6 57 19 31 38 3 28 
188 6 163 35 124 33 98 44 93 8 71 63 36 32 12 43 
191 47 157 37 125 12 107 13 88 26 50 41 44 56 6 56 
172 59 166 50 122 22 114 35 92 5 80 12 74 22 22 5 
187 63 168 41 133 45 113 29 75 45 50 31 28 34 19 47 
174 6 147 8 118 54 103 42 89 30 64 38 43 1 16 20 
189 31 159 36 144 6 103 30 74 30 58 37 27 35 10 29 
174 22 146 11 132 41 108 50 96 13 65 63 42 11 2 20 
171 55 153 39 139 23 117 9 106 12 53 51 28 22 23 43 
172 55 165 54 133 10 111 27 72 21 67 49 37 20 20 61 
182 2 166 51 142 27 105 33 71 14 68 15 40 4 7 21 
