200 100 8
2 4
2 2 2 2 2 2 2 2 2 2 2 2 2 2 2 2 2 2 2 2 2 2 2 2 2 2 2 2 2 2 2 2 2 2 2 2 2 2 2 2 2 2 2 2 2 2 2 2 2 2 2 2 2 2 2 2 2 2 2 2 2 2 2 2 2 2 2 2 2 2 2 2 2 2 2 2 2 2 2 2 2 2 2 2 2 2 2 2 2 2 2 2 2 2 2 2 2 2 2 2 2 2 2 2 2 2 2 2 2 2 2 2 2 2 2 2 2 2 2 2 2 2 2 2 2 2 2 2 2 2 2 2 2 2 2 2 2 2 2 2 2 2 2 2 2 2 2 2 2 2 2 2 2 2 2 2 2 2 2 2 2 2 2 2 2 2 2 2 2 2 2 2 2 2 2 2 2 2 2 2 2 2 2 2 2 2 2 2 2 2 2 2 2 2 2 2 2 2 2 2 
4 4 4 4 4 4 4 4 4 4 4 4 4 4 4 4 4 4 4 4 4 4 4 4 4 4 4 4 4 4 4 4 4 4 4 4 4 4 4 4 4 4 4 4 4 4 4 4 4 4 4 4 4 4 4 4 4 4 4 4 4 4 4 4 4 4 4 4 4 4 4 4 4 4 4 4 4 4 4 4 4 4 4 4 4 4 4 4 4 4 4 4 4 4 4 4 4 4 4 4 
42 7 84 4 
57 4 94 7 
74 3 38 5 
36 6 26 1 
29 2 19 1 
60 1 37 7 
13 5 21 2 
71 6 98 2 
59 1 78 1 
91 5 14 2 
18 1 82 7 
73 1 86 4 
33 7 15 7 
70 5 5 5 
96 7 4 6 
75 3 8 3 
30 5 23 1 
63 1 3 1 
97 7 39 6 
32 7 89 7 
81 6 47 7 
40 1 34 3 
77 7 52 5 
41 1 2 4 
66 6 83 3 
9 2 87 6 
1 1 95 5 
62 1 35 3 
72 1 54 2 
50 1 27 4 
44 4 43 7 
45 1 69 4 
67 2 17 1 
92 4 58 6 
25 4 56 2 
11 1 46 7 
65 2 24 2 
7 6 90 7 
61 4 100 4 
53 7 68 2 
79 7 93 5 
12 7 6 1 
31 5 64 1 
88 7 80 6 
85 7 99 7 
76 7 28 1 
16 2 49 7 
48 1 55 1 
33 5 20 3 
28 5 51 1 
39 5 10 3 
1 2 99 6 
27 2 26 5 
38 1 20 5 
94 4 67 5 
7 7 81 1 
14 6 88 4 
37 4 5 1 
21 4 36 1 
41 6 89 2 
45 5 12 2 
93 4 74 6 
40 7 58 5 
86 5 2 2 
51 6 59 3 
71 7 46 3 
3 2 79 5 
32 1 22 7 
63 3 60 7 
18 4 75 5 
90 4 30 7 
73 3 57 1 
19 5 65 4 
35 2 8 7 
68 1 66 1 
80 2 55 2 
87 1 100 7 
61 1 83 1 
49 2 78 5 
47 4 84 6 
62 2 48 3 
22 4 34 2 
77 3 13 3 
24 5 11 6 
31 4 98 5 
4 3 64 7 
43 3 91 6 
10 7 85 3 
9 3 42 3 
44 2 82 6 
16 4 6 3 
17 5 52 7 
92 5 96 2 
97 6 69 6 
50 6 72 7 
15 1 25 5 
54 7 95 6 
23 6 53 4 
29 5 76 2 
70 7 56 6 
62 6 98 6 
39 1 42 1 
77 5 45 6 
49 3 92 7 
22 6 37 6 
24 4 57 3 
79 2 26 7 
4 1 89 1 
6 6 1 7 
67 3 23 5 
64 3 61 7 
72 6 88 2 
34 7 12 5 
94 1 32 4 
73 6 29 7 
8 2 11 2 
13 7 80 1 
63 7 66 2 
20 2 86 1 
5 7 53 3 
99 1 56 7 
91 2 2 6 
38 7 50 5 
78 3 83 2 
60 5 17 6 
27 5 75 7 
25 7 100 1 
28 4 43 2 
35 7 84 1 
33 3 48 7 
93 1 55 6 
9 1 95 1 
65 6 41 4 
3 6 54 5 
36 3 85 4 
46 2 10 4 
76 4 71 4 
59 6 69 5 
40 5 30 4 
52 1 74 2 
47 5 16 6 
19 6 82 5 
58 1 21 5 
87 2 81 7 
68 3 18 3 
7 5 97 5 
31 7 44 6 
90 2 70 2 
96 5 14 4 
51 5 15 2 
90 6 41 7 
31 2 7 2 
12 6 64 5 
79 6 25 1 
63 2 96 4 
51 4 89 3 
18 7 21 7 
52 3 28 6 
77 2 56 1 
55 3 39 4 
69 1 14 7 
43 5 95 3 
75 2 45 2 
49 5 23 2 
81 2 73 5 
61 3 72 4 
33 1 34 5 
6 5 93 7 
68 6 9 6 
40 3 11 5 
80 7 5 3 
27 7 29 4 
59 5 36 5 
99 4 98 7 
78 7 86 7 
88 5 24 7 
44 7 26 4 
53 1 15 3 
97 2 94 5 
92 2 76 6 
54 3 32 5 
84 7 85 1 
8 1 67 7 
47 2 37 1 
22 1 71 1 
65 7 66 5 
58 3 62 5 
4 2 42 4 
13 1 2 7 
100 5 46 1 
16 7 19 4 
10 1 38 3 
30 1 3 5 
70 4 50 4 
17 2 87 5 
83 7 74 1 
35 5 91 1 
60 3 48 5 
20 7 82 2 
1 3 57 7 
200 3 109 7 52 2 27 1 
189 7 122 6 64 2 24 4 
193 5 134 6 67 2 18 1 
188 2 108 1 86 3 15 6 
171 3 120 7 58 1 14 5 
168 5 109 6 91 3 42 1 
152 2 146 5 56 7 38 6 
183 1 116 2 74 7 16 3 
169 6 132 1 89 3 26 2 
192 1 136 4 88 7 51 3 
170 5 116 2 84 6 36 1 
153 6 113 5 61 2 42 7 
189 1 117 7 83 3 7 5 
161 7 149 4 57 6 10 2 
178 3 150 2 96 1 13 7 
191 7 141 6 91 4 47 2 
195 2 125 6 92 5 33 1 
157 7 145 3 70 4 11 1 
191 4 142 6 73 5 5 1 
199 7 119 2 54 5 49 3 
157 7 143 5 59 4 7 2 
185 1 105 6 82 4 68 7 
164 2 110 5 98 6 17 1 
176 7 106 4 84 5 37 2 
154 1 127 7 96 5 35 4 
177 4 107 7 53 5 4 1 
172 7 126 5 53 2 30 4 
158 6 128 4 50 5 46 1 
172 4 115 7 99 5 5 2 
193 1 139 4 71 7 17 5 
152 2 147 7 85 4 43 5 
181 5 114 4 68 1 20 7 
167 1 130 3 49 5 13 7 
167 5 113 7 82 2 22 3 
197 5 129 7 74 2 28 3 
173 5 135 3 59 1 4 6 
184 1 105 6 58 4 6 7 
192 3 123 7 54 1 3 5 
160 4 102 1 51 5 19 6 
170 3 139 5 63 7 22 1 
151 7 133 4 60 6 24 1 
188 4 102 1 89 3 1 7 
162 5 128 2 87 3 31 7 
177 7 147 6 90 2 31 4 
163 2 103 6 61 5 32 1 
190 1 136 2 66 3 36 7 
184 2 141 5 80 4 21 7 
198 5 130 7 81 3 48 1 
164 5 104 3 79 2 47 7 
194 4 123 5 95 6 30 1 
156 4 150 5 65 6 50 1 
158 3 140 1 92 7 23 5 
178 1 120 3 98 4 40 7 
181 3 134 5 97 7 29 2 
160 3 131 6 76 2 48 1 
159 1 121 7 100 6 35 2 
200 7 106 3 72 1 2 4 
187 3 143 1 63 5 34 6 
173 5 138 6 65 3 9 1 
198 3 125 5 69 7 6 1 
166 3 111 7 78 1 39 4 
187 5 101 6 81 2 28 1 
155 2 118 7 69 3 18 1 
153 5 111 3 86 7 43 1 
186 7 133 6 73 4 37 2 
186 5 118 2 75 1 25 6 
183 7 110 3 55 5 33 2 
169 6 145 3 75 1 40 2 
161 1 138 5 94 6 32 4 
194 4 148 2 100 7 14 5 
185 1 137 4 66 7 8 6 
166 4 112 6 95 7 29 1 
165 5 115 6 72 3 12 1 
196 1 140 2 62 6 3 3 
163 2 126 7 70 5 16 3 
180 6 137 4 99 2 46 7 
159 2 103 5 83 3 23 7 
175 7 124 3 79 5 9 1 
154 6 107 2 67 5 41 7 
171 7 117 1 76 2 44 6 
165 2 144 7 56 1 21 6 
199 2 142 5 90 6 11 7 
196 7 124 2 78 1 25 3 
182 7 129 1 80 6 1 4 
182 1 135 4 88 3 45 7 
175 7 119 1 64 5 12 4 
195 5 144 2 77 1 26 6 
176 5 112 2 57 4 44 7 
156 3 108 1 60 2 20 7 
151 6 148 2 71 4 38 7 
197 1 122 2 87 6 10 5 
180 2 104 7 93 5 34 4 
168 7 131 1 62 4 41 5 
179 5 114 1 55 4 2 7 
162 3 132 1 97 6 27 5 
155 4 149 5 93 2 15 7 
179 2 146 5 94 6 19 7 
174 7 101 6 85 5 8 2 
174 4 121 1 52 6 45 7 
190 5 127 1 77 7 39 4 
