240   120   
1   2   
1 1 1 1 1 1 1 1 1 1 1 1 1 1 1 1 1 1 1 1 1 1 1 1 1 1 1 1 1 1 1 1 1 1 1 1 1 1 1 1 1 1 1 1 1 1 1 1 1 1 1 1 1 1 1 1 1 1 1 1 1 1 1 1 1 1 1 1 1 1 1 1 1 1 1 1 1 1 1 1 1 1 1 1 1 1 1 1 1 1 1 1 1 1 1 1 1 1 1 1 1 1 1 1 1 1 1 1 1 1 1 1 1 1 1 1 1 1 1 1 1 1 1 1 1 1 1 1 1 1 1 1 1 1 1 1 1 1 1 1 1 1 1 1 1 1 1 1 1 1 1 1 1 1 1 1 1 1 1 1 1 1 1 1 1 1 1 1 1 1 1 1 1 1 1 1 1 1 1 1 1 1 1 1 1 1 1 1 1 1 1 1 1 1 1 1 1 1 1 1 1 1 1 1 1 1 1 1 1 1 1 1 1 1 1 1 1 1 1 1 1 1 1 1 1 1 1 1 1 1 1 1 1 1 1 1 1 1 1 1 
2 2 2 2 2 2 2 2 2 2 2 2 2 2 2 2 2 2 2 2 2 2 2 2 2 2 2 2 2 2 2 2 2 2 2 2 2 2 2 2 2 2 2 2 2 2 2 2 2 2 2 2 2 2 2 2 2 2 2 2 2 2 2 2 2 2 2 2 2 2 2 2 2 2 2 2 2 2 2 2 2 2 2 2 2 2 2 2 2 2 2 2 2 2 2 2 2 2 2 2 2 2 2 2 2 2 2 2 2 2 2 2 2 2 2 2 2 2 2 2 
15  
47  
28  
106  
112  
74  
105  
49  
68  
92  
78  
37  
59  
97  
38  
44  
109  
5  
110  
51  
6  
77  
9  
116  
53  
118  
23  
45  
25  
114  
96  
117  
62  
24  
84  
73  
75  
34  
58  
41  
85  
30  
52  
10  
65  
81  
95  
57  
19  
2  
67  
18  
27  
107  
98  
8  
1  
16  
26  
88  
72  
82  
99  
86  
17  
40  
31  
113  
36  
90  
11  
13  
101  
20  
79  
76  
100  
22  
64  
7  
70  
120  
3  
108  
60  
46  
103  
94  
21  
71  
91  
32  
119  
29  
54  
35  
104  
42  
55  
39  
66  
111  
115  
12  
50  
80  
63  
4  
102  
43  
14  
56  
87  
93  
83  
69  
33  
48  
89  
61  
75  
41  
50  
107  
11  
30  
66  
95  
105  
26  
76  
112  
7  
43  
32  
81  
108  
23  
115  
14  
61  
92  
8  
52  
80  
17  
34  
93  
117  
62  
102  
51  
29  
20  
40  
65  
70  
83  
48  
68  
16  
88  
114  
53  
57  
90  
27  
59  
87  
96  
86  
73  
39  
37  
111  
5  
10  
82  
13  
47  
6  
99  
35  
33  
46  
72  
118  
120  
103  
94  
28  
106  
31  
54  
18  
63  
113  
116  
91  
110  
38  
64  
101  
97  
79  
9  
44  
56  
85  
25  
78  
77  
74  
67  
49  
4  
2  
15  
55  
119  
22  
19  
45  
12  
3  
36  
60  
84  
104  
21  
89  
100  
109  
42  
58  
71  
98  
24  
69  
1  
240  57  
217  50  
225  83  
216  108  
176  18  
181  21  
133  80  
143  56  
206  23  
177  44  
125  71  
224  104  
179  72  
140  111  
218  1  
161  58  
146  65  
195  52  
222  49  
154  74  
230  89  
221  78  
138  27  
238  34  
210  29  
130  59  
167  53  
191  3  
153  94  
126  42  
193  67  
135  92  
184  117  
147  38  
183  96  
226  69  
174  12  
201  15  
173  100  
155  66  
122  40  
234  98  
134  110  
207  16  
223  28  
185  86  
180  2  
159  118  
215  8  
123  105  
152  20  
144  43  
164  25  
194  95  
219  99  
208  112  
165  48  
235  39  
168  13  
227  85  
141  120  
150  33  
196  107  
202  79  
156  45  
127  101  
214  51  
160  9  
239  116  
157  81  
236  90  
186  61  
172  36  
213  6  
121  37  
131  76  
212  22  
211  11  
205  75  
145  106  
136  46  
178  62  
158  115  
228  35  
209  41  
171  64  
169  113  
162  60  
231  119  
166  70  
199  91  
142  10  
148  114  
190  88  
128  47  
170  31  
204  14  
237  55  
182  63  
232  77  
203  73  
151  109  
189  87  
229  97  
129  7  
192  4  
124  54  
137  84  
233  17  
200  19  
175  102  
132  5  
197  68  
163  30  
139  103  
198  24  
149  32  
187  26  
220  93  
188  82  
