238 136 32
4 4
1 1 1 1 1 1 1 1 1 1 1 1 1 1 1 1 1 1 1 1 1 1 1 1 1 1 1 1 1 1 1 1 1 1 2 2 2 2 2 2 2 2 2 2 2 2 2 2 2 2 2 2 2 2 2 2 2 2 2 2 2 2 2 2 2 2 2 2 2 2 2 2 2 2 2 2 2 2 2 2 2 2 2 2 2 2 2 2 2 2 2 2 2 2 2 2 2 2 2 2 2 2 2 2 2 2 2 2 2 2 2 2 2 2 2 2 2 2 2 2 2 2 2 2 2 2 2 2 2 2 2 2 2 2 2 2 2 2 2 2 2 2 2 2 2 2 2 2 2 2 2 2 2 2 2 2 2 2 2 2 2 2 2 2 2 2 2 2 2 2 2 2 2 2 2 2 2 2 2 2 2 2 2 2 2 2 2 2 2 2 2 2 2 2 2 2 2 2 2 2 2 2 2 2 4 4 4 4 4 4 4 4 4 4 4 4 4 4 4 4 4 4 4 4 4 4 4 4 4 4 4 4 4 4 4 4 4 4 
3 3 3 3 3 3 3 3 3 3 3 3 3 3 3 3 3 3 3 3 3 3 3 3 3 3 3 3 3 3 3 3 3 3 4 4 4 4 4 4 4 4 4 4 4 4 4 4 4 4 4 4 4 4 4 4 4 4 4 4 4 4 4 4 4 4 4 4 4 4 4 4 4 4 4 4 4 4 4 4 4 4 4 4 4 4 4 4 4 4 4 4 4 4 4 4 4 4 4 4 4 4 4 4 4 4 4 4 4 4 4 4 4 4 4 4 4 4 4 4 4 4 4 4 4 4 4 4 4 4 4 4 4 4 4 4 
1 1 
2 1 
3 1 
4 1 
5 1 
6 1 
7 2 
8 2 
9 2 
10 2 
11 2 
12 2 
13 3 
14 3 
15 3 
16 3 
17 3 
18 3 
19 4 
20 4 
21 4 
22 4 
23 5 
24 5 
25 5 
26 5 
27 5 
28 6 
29 6 
30 6 
31 6 
32 6 
33 6 
34 7 
69 8 103 2 
70 9 104 2 
71 9 105 3 
72 9 106 3 
73 9 107 3 
74 12 108 3 
75 19 109 4 
76 14 110 4 
77 17 111 4 
78 26 112 4 
79 12 113 4 
80 23 114 4 
81 12 115 4 
82 13 116 5 
83 16 117 5 
84 20 118 5 
85 15 119 5 
86 16 120 6 
87 22 121 6 
88 23 122 7 
89 3 123 7 
90 3 124 7 
91 5 125 7 
92 5 126 8 
93 6 127 8 
94 12 128 8 
95 13 129 8 
96 13 130 9 
97 3 131 9 
98 6 132 9 
99 6 133 10 
100 10 134 10 
101 12 135 11 
102 13 136 11 
35 7 86 19 
36 14 94 31 
37 15 80 24 
38 15 99 28 
39 10 89 23 
40 20 83 24 
41 25 93 29 
42 28 101 31 
43 10 88 24 
44 11 96 30 
45 11 91 19 
46 19 76 16 
47 20 97 30 
48 24 69 22 
49 26 78 27 
50 26 100 30 
51 20 90 23 
52 9 98 14 
53 15 92 27 
54 16 70 10 
55 20 81 16 
56 17 75 21 
57 22 102 27 
58 22 72 24 
59 24 82 21 
60 23 100 19 
61 21 73 24 
62 7 71 10 
63 14 77 27 
64 21 79 14 
65 22 69 27 
66 16 87 26 
67 13 74 13 
68 11 95 28 
35 1 69 7 
36 1 70 7 
37 1 71 7 
38 1 72 8 
39 1 73 8 
40 1 74 8 
41 1 75 8 
42 1 76 9 
43 2 77 9 
44 2 78 9 
45 2 79 10 
46 2 80 10 
47 2 81 11 
48 2 82 11 
49 2 83 11 
50 2 84 11 
51 3 85 13 
52 3 86 14 
53 3 87 15 
54 3 88 20 
55 4 89 1 
56 4 90 1 
57 4 91 1 
58 4 92 1 
59 4 93 1 
60 4 94 1 
61 4 95 1 
62 5 96 1 
63 5 97 2 
64 5 98 2 
65 5 99 2 
66 6 100 2 
67 6 101 2 
68 7 102 2 
35 3 104 25 
36 3 105 4 
37 5 106 5 
38 5 107 8 
39 6 108 15 
40 12 109 6 
41 13 110 11 
42 13 111 12 
43 3 112 12 
44 6 113 13 
45 6 114 17 
46 10 115 19 
47 12 116 6 
48 13 117 12 
49 23 118 17 
50 25 119 17 
51 4 120 7 
52 5 121 8 
53 8 122 8 
54 15 123 8 
55 6 124 9 
56 11 125 9 
57 12 126 9 
58 12 127 9 
59 13 128 12 
60 17 129 19 
61 19 130 14 
62 6 131 17 
63 12 132 26 
64 17 133 12 
65 17 134 23 
66 7 135 12 
67 8 136 13 
68 8 103 23 
84 21 115 26 
85 22 106 28 
70 15 109 25 
71 21 121 23 
72 29 111 28 
73 31 110 31 
74 23 131 30 
75 26 132 30 
76 19 117 25 
77 30 129 26 
78 30 120 30 
79 25 123 27 
80 28 112 29 
81 26 126 29 
82 29 113 27 
83 26 122 27 
84 29 104 29 
85 31 108 17 
86 22 127 31 
87 31 103 29 
88 28 107 17 
89 7 134 28 
90 14 135 26 
91 15 105 25 
92 15 130 19 
93 10 136 29 
94 20 124 15 
95 25 114 31 
96 28 119 24 
97 10 103 26 
98 11 118 22 
99 11 125 21 
101 20 116 30 
102 24 106 9 
1 10 2 13 35 23 128 23 
3 15 4 20 36 23 133 25 
5 21 6 25 37 19 116 7 
7 13 8 15 38 27 115 21 
9 17 10 19 39 29 118 21 
11 20 12 25 40 31 114 23 
13 4 14 4 41 28 119 22 
15 7 16 8 42 30 123 22 
17 8 18 11 43 30 136 21 
19 7 20 13 44 14 104 26 
21 17 22 19 45 28 127 24 
23 7 24 9 46 30 108 16 
25 11 26 12 47 31 120 16 
27 22 28 7 48 27 105 20 
29 8 30 8 49 29 125 10 
31 11 32 16 50 29 111 22 
33 22 34 8 51 25 117 14 
1 31 11 27 63 25 135 16 
2 30 23 12 53 17 109 20 
3 27 25 24 61 26 113 24 
4 31 13 25 68 27 107 15 
5 27 9 23 60 31 110 17 
6 26 29 23 54 17 130 16 
7 27 27 24 67 23 122 11 
8 19 33 28 62 30 128 13 
10 30 28 16 58 29 124 10 
12 26 19 11 55 25 121 13 
14 30 26 14 65 24 129 21 
15 23 20 19 56 31 126 24 
16 17 17 26 52 28 131 27 
18 14 34 11 64 22 134 24 
21 23 24 28 57 28 132 27 
22 26 31 14 59 27 112 22 
30 25 32 17 66 30 133 14 
1 1 205 10 222 31 
2 1 205 13 223 30 
3 1 206 15 224 27 
4 1 206 20 225 31 
5 1 207 21 226 27 
6 1 207 25 227 26 
7 2 208 13 228 27 
8 2 208 15 229 19 
9 2 209 17 226 23 
10 2 209 19 230 30 
11 2 210 20 222 27 
12 2 210 25 231 26 
13 3 211 4 225 25 
14 3 211 4 232 30 
15 3 212 7 233 23 
16 3 212 8 234 17 
17 3 213 8 234 26 
18 3 213 11 235 14 
19 4 214 7 231 11 
20 4 214 13 233 19 
21 4 215 17 236 23 
22 4 215 19 237 26 
23 5 216 7 223 12 
24 5 216 9 236 28 
25 5 217 11 224 24 
26 5 217 12 232 14 
27 5 218 22 228 24 
28 6 218 7 230 16 
29 6 219 8 227 23 
30 6 219 8 238 25 
31 6 220 11 237 14 
32 6 220 16 238 17 
33 6 221 22 229 28 
34 7 221 8 235 11 
103 1 137 3 69 7 205 23 
104 1 138 3 70 14 206 23 
105 1 139 5 71 15 207 19 
106 1 140 5 72 15 208 27 
107 1 141 6 73 10 209 29 
108 1 142 12 74 20 210 31 
109 1 143 13 75 25 211 28 
110 1 144 13 76 28 212 30 
111 2 145 3 77 10 213 30 
112 2 146 6 78 11 214 14 
113 2 147 6 79 11 215 28 
114 2 148 10 80 19 216 30 
115 2 149 12 81 20 217 31 
116 2 150 13 82 24 218 27 
117 2 151 23 83 26 219 29 
118 2 152 25 84 26 220 29 
119 3 153 4 85 20 221 25 
120 3 154 5 86 9 234 28 
121 3 155 8 87 15 223 17 
122 3 156 15 88 16 227 17 
123 4 157 6 89 20 231 25 
124 4 158 11 90 17 233 31 
125 4 159 12 91 22 236 28 
126 4 160 12 92 22 230 29 
127 4 161 13 93 24 237 27 
128 4 162 17 94 23 226 31 
129 4 163 19 95 21 224 26 
130 5 164 6 96 7 229 30 
131 5 165 12 97 14 222 25 
132 5 166 17 98 21 235 22 
133 5 167 17 99 22 232 24 
134 6 168 7 100 16 238 30 
135 6 169 8 101 13 228 23 
136 7 170 8 102 11 225 27 
103 7 35 8 82 22 99 27 
104 7 36 9 88 10 173 15 
105 7 37 9 96 10 174 21 
106 8 38 9 92 24 175 29 
107 8 39 9 95 24 176 31 
108 8 40 12 101 13 177 23 
109 8 41 19 90 21 178 26 
110 9 42 14 80 16 179 19 
111 9 43 17 97 27 180 30 
112 9 44 26 83 27 181 30 
113 10 45 12 98 14 182 25 
114 10 46 23 71 24 183 28 
115 11 47 12 89 16 184 26 
116 11 48 13 93 21 185 29 
117 11 49 16 74 24 186 26 
118 11 50 20 171 21 187 29 
119 13 51 15 172 22 188 31 
120 14 52 16 69 19 189 22 
121 15 53 22 100 26 190 31 
122 20 54 23 77 24 191 28 
123 1 55 3 73 23 192 7 
124 1 56 3 85 23 193 14 
125 1 57 5 79 19 194 15 
126 1 58 5 87 27 195 15 
127 1 59 6 75 29 196 10 
128 1 60 12 70 31 197 20 
129 1 61 13 102 28 198 25 
130 1 62 13 78 30 199 28 
131 2 63 3 81 30 200 10 
132 2 64 6 86 14 201 11 
133 2 65 6 72 28 202 11 
134 2 66 10 84 30 94 19 
135 2 67 12 76 31 203 20 
136 2 68 13 91 27 204 24 
35 2 170 23 190 29 200 26 
36 2 137 25 187 29 214 26 
37 3 138 4 194 25 218 20 
38 3 139 5 172 28 204 9 
39 3 140 8 191 17 225 15 
40 3 141 15 188 17 216 16 
41 4 142 6 173 25 223 20 
42 4 143 11 176 31 226 17 
43 4 144 12 175 28 220 22 
44 4 145 12 183 29 237 22 
45 4 146 13 185 27 224 24 
46 4 147 17 198 31 210 23 
47 4 148 19 171 26 208 21 
48 5 149 6 203 30 207 7 
49 5 150 12 179 25 221 14 
50 5 151 17 201 22 209 21 
51 5 152 17 199 24 211 22 
52 6 153 7 181 30 217 16 
53 6 154 8 174 23 231 13 
54 7 155 8 186 27 228 11 
55 7 156 8 182 27 212 22 
56 7 157 9 197 15 230 10 
57 7 158 9 202 21 219 10 
58 8 159 9 184 29 233 24 
59 8 160 9 189 31 215 24 
60 8 161 12 205 23 229 13 
61 8 162 19 180 26 232 21 
62 9 163 14 195 19 227 16 
63 9 164 17 177 30 234 27 
64 9 165 26 178 30 236 27 
65 10 166 12 206 25 238 14 
66 10 167 23 192 28 235 24 
67 11 168 12 193 26 222 16 
68 11 169 13 196 29 213 21 
