192 48 32
2 8
2 2 2 2 2 2 2 2 2 2 2 2 2 2 2 2 2 2 2 2 2 2 2 2 2 2 2 2 2 2 2 2 2 2 2 2 2 2 2 2 2 2 2 2 2 2 2 2 2 2 2 2 2 2 2 2 2 2 2 2 2 2 2 2 2 2 2 2 2 2 2 2 2 2 2 2 2 2 2 2 2 2 2 2 2 2 2 2 2 2 2 2 2 2 2 2 2 2 2 2 2 2 2 2 2 2 2 2 2 2 2 2 2 2 2 2 2 2 2 2 2 2 2 2 2 2 2 2 2 2 2 2 2 2 2 2 2 2 2 2 2 2 2 2 2 2 2 2 2 2 2 2 2 2 2 2 2 2 2 2 2 2 2 2 2 2 2 2 2 2 2 2 2 2 2 2 2 2 2 2 2 2 2 2 2 2 2 2 2 2 2 2 
8 8 8 8 8 8 8 8 8 8 8 8 8 8 8 8 8 8 8 8 8 8 8 8 8 8 8 8 8 8 8 8 8 8 8 8 8 8 8 8 8 8 8 8 8 8 8 8 
31 11 7 26 
9 29 45 23 
38 18 28 18 
20 13 1 2 
33 22 3 30 
40 6 35 24 
34 19 48 14 
37 26 16 13 
22 28 13 23 
32 17 44 29 
23 16 25 29 
39 19 11 30 
21 12 12 25 
8 14 30 17 
29 30 24 14 
19 23 43 28 
26 30 10 15 
18 30 6 24 
42 15 36 15 
47 6 5 6 
27 29 14 9 
4 27 41 19 
46 28 2 27 
7 12 17 21 
27 17 15 21 
37 6 17 17 
10 28 44 19 
42 11 46 5 
9 12 25 29 
21 6 14 31 
19 6 38 13 
23 23 16 3 
29 12 35 17 
4 23 2 11 
8 26 11 7 
39 14 22 9 
6 14 47 12 
12 20 20 8 
13 21 15 14 
28 20 48 10 
33 6 1 9 
45 31 34 24 
26 28 43 31 
40 10 18 9 
30 1 32 24 
36 12 31 7 
24 9 3 28 
27 29 5 17 
25 15 5 12 
40 19 42 5 
37 12 14 5 
9 19 2 26 
29 19 46 22 
6 15 22 16 
12 9 10 9 
32 30 23 23 
38 20 35 31 
34 27 44 12 
26 11 28 7 
30 1 16 30 
11 30 33 24 
36 25 21 5 
15 12 20 11 
4 25 43 21 
24 3 45 11 
31 23 8 29 
47 4 3 4 
48 17 18 12 
17 25 13 23 
21 4 1 8 
48 2 39 27 
47 3 29 28 
9 14 19 20 
44 5 41 12 
42 25 24 24 
38 13 20 2 
14 23 11 2 
28 20 30 13 
17 16 5 31 
37 5 41 8 
22 13 7 22 
25 20 10 3 
31 23 18 20 
23 5 36 4 
3 28 19 11 
26 17 32 31 
12 13 7 20 
40 5 15 25 
6 4 43 5 
8 10 2 1 
34 9 1 12 
33 17 41 8 
35 28 39 2 
16 5 4 3 
10 6 13 29 
7 24 45 9 
6 16 35 18 
39 27 4 24 
34 21 2 29 
38 16 21 16 
24 7 32 31 
30 2 3 12 
44 21 43 19 
1 27 25 4 
29 16 48 7 
22 23 46 17 
40 24 16 6 
5 11 45 22 
36 25 28 22 
12 14 27 17 
11 22 47 30 
13 19 23 26 
42 8 17 4 
20 29 41 23 
19 25 37 24 
26 30 9 15 
46 20 27 4 
43 21 14 13 
26 26 8 4 
35 23 31 22 
19 1 18 23 
31 25 41 27 
4 31 18 28 
39 25 17 9 
40 20 2 2 
29 5 21 4 
20 15 14 28 
27 25 36 10 
24 19 6 13 
10 5 30 17 
11 29 13 21 
28 25 45 17 
42 30 47 22 
34 31 12 19 
5 10 33 7 
16 17 1 11 
33 28 23 15 
8 2 37 26 
46 14 38 23 
7 4 15 2 
25 14 22 31 
3 23 48 30 
32 21 15 9 
9 20 44 4 
4 14 13 6 
45 21 38 16 
43 26 29 29 
8 8 21 5 
11 7 7 18 
26 22 22 16 
20 11 36 26 
6 4 27 17 
46 22 31 31 
24 8 25 9 
9 6 35 24 
34 7 23 12 
33 20 40 3 
17 25 30 29 
44 21 16 23 
3 8 2 6 
5 7 32 11 
1 23 19 13 
15 8 39 16 
18 29 14 11 
47 30 28 26 
41 16 48 30 
10 3 37 25 
12 21 42 17 
15 17 21 20 
18 15 12 13 
46 18 30 29 
47 18 41 13 
27 14 16 24 
45 25 43 7 
6 29 37 3 
26 19 20 10 
13 30 38 16 
35 24 34 27 
31 25 32 30 
4 14 24 7 
7 13 3 20 
48 11 25 4 
9 10 11 7 
5 16 19 4 
14 13 2 24 
33 13 22 7 
8 13 42 15 
39 5 36 6 
17 2 44 14 
29 9 23 7 
10 19 40 19 
1 11 28 3 
192 11 162 23 136 11 104 27 91 12 70 8 41 9 4 2 
185 24 160 6 125 2 99 29 90 1 52 26 34 11 23 27 
181 20 160 8 142 23 102 12 85 28 67 4 47 28 5 30 
180 14 145 14 123 31 98 24 94 3 64 25 34 23 22 27 
184 16 161 7 135 10 108 11 79 31 49 12 48 17 20 6 
175 29 152 4 129 13 97 16 89 4 54 15 37 14 18 24 
181 13 149 18 140 4 96 24 87 20 81 22 24 12 1 26 
187 13 148 8 138 2 119 4 90 10 66 29 35 26 14 14 
183 10 155 6 144 20 116 15 73 14 52 19 29 12 2 29 
191 19 167 3 130 5 95 6 82 3 55 9 27 28 17 15 
183 7 149 7 131 29 111 22 77 2 61 30 35 7 12 30 
170 13 168 21 134 19 110 14 87 13 55 9 38 20 13 25 
177 30 145 6 131 21 112 19 95 29 69 23 39 21 9 23 
185 13 164 11 127 28 118 13 77 23 51 5 30 31 21 9 
169 17 163 8 143 9 140 2 88 25 63 12 39 14 25 21 
173 24 159 23 136 17 107 6 94 5 60 30 32 3 8 13 
189 2 158 25 124 9 113 4 79 16 69 25 26 17 24 21 
170 15 164 29 123 28 121 23 83 20 68 12 44 9 18 30 
184 4 162 13 121 1 115 25 85 11 73 20 31 6 16 23 
176 10 151 11 127 15 114 29 76 2 63 11 38 8 4 13 
169 20 148 5 126 4 100 16 70 4 62 5 30 6 13 12 
186 7 150 16 141 31 106 23 81 13 54 16 36 9 9 28 
190 7 156 12 137 15 112 26 84 5 56 23 32 23 11 16 
180 7 154 8 129 19 101 7 75 24 65 3 47 9 15 14 
182 4 154 9 141 14 104 4 82 20 49 15 29 29 11 29 
176 19 150 22 119 26 116 30 86 17 59 11 43 28 17 30 
173 14 152 17 128 25 117 4 110 17 48 29 25 17 21 29 
192 3 165 26 132 25 109 22 78 20 59 7 40 20 3 18 
190 9 147 29 126 5 105 16 72 28 53 19 33 12 15 30 
171 29 158 29 130 17 102 2 78 13 60 1 45 1 14 17 
179 25 153 31 122 25 120 22 83 23 66 23 46 7 1 11 
179 30 161 11 143 21 101 31 86 31 56 30 45 24 10 17 
186 13 157 20 137 28 135 7 92 17 61 24 41 6 5 22 
178 27 156 7 134 31 99 21 91 9 58 27 42 24 7 19 
178 24 155 24 120 23 97 18 93 28 57 31 33 17 6 24 
188 6 151 26 128 10 109 25 84 4 62 25 46 12 19 15 
175 3 167 25 138 26 115 24 80 5 51 12 26 6 8 26 
177 16 146 16 139 23 100 16 76 13 57 20 31 13 3 18 
188 5 163 16 124 25 98 27 93 2 71 27 36 14 12 19 
191 19 157 3 125 20 107 24 88 5 50 19 44 10 6 6 
172 13 166 16 122 27 114 23 92 8 80 8 74 12 22 19 
187 15 168 17 133 30 113 8 75 25 50 5 28 11 19 15 
174 7 147 26 118 21 103 19 89 5 64 21 43 31 16 28 
189 14 159 21 144 4 103 21 74 5 58 12 27 19 10 29 
174 25 146 21 132 17 108 22 96 9 65 11 42 31 2 23 
171 18 153 22 139 14 117 20 106 17 53 22 28 5 23 28 
172 18 165 30 133 22 111 30 72 3 67 4 37 12 20 6 
182 11 166 30 142 30 105 7 71 2 68 17 40 10 7 14 
