1000 500 256
2 4
2 2 2 2 2 2 2 2 2 2 2 2 2 2 2 2 2 2 2 2 2 2 2 2 2 2 2 2 2 2 2 2 2 2 2 2 2 2 2 2 2 2 2 2 2 2 2 2 2 2 2 2 2 2 2 2 2 2 2 2 2 2 2 2 2 2 2 2 2 2 2 2 2 2 2 2 2 2 2 2 2 2 2 2 2 2 2 2 2 2 2 2 2 2 2 2 2 2 2 2 2 2 2 2 2 2 2 2 2 2 2 2 2 2 2 2 2 2 2 2 2 2 2 2 2 2 2 2 2 2 2 2 2 2 2 2 2 2 2 2 2 2 2 2 2 2 2 2 2 2 2 2 2 2 2 2 2 2 2 2 2 2 2 2 2 2 2 2 2 2 2 2 2 2 2 2 2 2 2 2 2 2 2 2 2 2 2 2 2 2 2 2 2 2 2 2 2 2 2 2 2 2 2 2 2 2 2 2 2 2 2 2 2 2 2 2 2 2 2 2 2 2 2 2 2 2 2 2 2 2 2 2 2 2 2 2 2 2 2 2 2 2 2 2 2 2 2 2 2 2 2 2 2 2 2 2 2 2 2 2 2 2 2 2 2 2 2 2 2 2 2 2 2 2 2 2 2 2 2 2 2 2 2 2 2 2 2 2 2 2 2 2 2 2 2 2 2 2 2 2 2 2 2 2 2 2 2 2 2 2 2 2 2 2 2 2 2 2 2 2 2 2 2 2 2 2 2 2 2 2 2 2 2 2 2 2 2 2 2 2 2 2 2 2 2 2 2 2 2 2 2 2 2 2 2 2 2 2 2 2 2 2 2 2 2 2 2 2 2 2 2 2 2 2 2 2 2 2 2 2 2 2 2 2 2 2 2 2 2 2 2 2 2 2 2 2 2 2 2 2 2 2 2 2 2 2 2 2 2 2 2 2 2 2 2 2 2 2 2 2 2 2 2 2 2 2 2 2 2 2 2 2 2 2 2 2 2 2 2 2 2 2 2 2 2 2 2 2 2 2 2 2 2 2 2 2 2 2 2 2 2 2 2 2 2 2 2 2 2 2 2 2 2 2 2 2 2 2 2 2 2 2 2 2 2 2 2 2 2 2 2 2 2 2 2 2 2 2 2 2 2 2 2 2 2 2 2 2 2 2 2 2 2 2 2 2 2 2 2 2 2 2 2 2 2 2 2 2 2 2 2 2 2 2 2 2 2 2 2 2 2 2 2 2 2 2 2 2 2 2 2 2 2 2 2 2 2 2 2 2 2 2 2 2 2 2 2 2 2 2 2 2 2 2 2 2 2 2 2 2 2 2 2 2 2 2 2 2 2 2 2 2 2 2 2 2 2 2 2 2 2 2 2 2 2 2 2 2 2 2 2 2 2 2 2 2 2 2 2 2 2 2 2 2 2 2 2 2 2 2 2 2 2 2 2 2 2 2 2 2 2 2 2 2 2 2 2 2 2 2 2 2 2 2 2 2 2 2 2 2 2 2 2 2 2 2 2 2 2 2 2 2 2 2 2 2 2 2 2 2 2 2 2 2 2 2 2 2 2 2 2 2 2 2 2 2 2 2 2 2 2 2 2 2 2 2 2 2 2 2 2 2 2 2 2 2 2 2 2 2 2 2 2 2 2 2 2 2 2 2 2 2 2 2 2 2 2 2 2 2 2 2 2 2 2 2 2 2 2 2 2 2 2 2 2 2 2 2 2 2 2 2 2 2 2 2 2 2 2 2 2 2 2 2 2 2 2 2 2 2 2 2 2 2 2 2 2 2 2 2 2 2 2 2 2 2 2 2 2 2 2 2 2 2 2 2 2 2 2 2 2 2 2 2 2 2 2 2 2 2 2 2 2 2 2 2 2 2 2 2 2 2 2 2 2 2 2 2 2 2 2 2 2 2 2 2 2 2 2 2 2 2 2 2 2 2 2 2 2 2 2 2 2 2 2 2 2 2 2 2 2 2 2 2 2 2 2 2 2 2 2 2 2 2 2 2 2 2 2 2 2 2 2 2 2 2 2 2 2 2 2 2 2 2 2 2 2 2 2 2 2 2 2 2 2 2 2 2 2 2 2 2 2 2 2 2 2 2 2 2 2 2 2 2 2 2 2 2 2 2 2 2 2 2 2 2 2 2 2 2 2 2 2 2 2 2 2 2 2 2 2 2 2 2 2 2 2 2 2 2 2 2 2 2 2 2 2 2 2 2 2 2 2 2 2 2 2 2 2 2 2 2 2 2 2 2 2 2 2 2 
4 4 4 4 4 4 4 4 4 4 4 4 4 4 4 4 4 4 4 4 4 4 4 4 4 4 4 4 4 4 4 4 4 4 4 4 4 4 4 4 4 4 4 4 4 4 4 4 4 4 4 4 4 4 4 4 4 4 4 4 4 4 4 4 4 4 4 4 4 4 4 4 4 4 4 4 4 4 4 4 4 4 4 4 4 4 4 4 4 4 4 4 4 4 4 4 4 4 4 4 4 4 4 4 4 4 4 4 4 4 4 4 4 4 4 4 4 4 4 4 4 4 4 4 4 4 4 4 4 4 4 4 4 4 4 4 4 4 4 4 4 4 4 4 4 4 4 4 4 4 4 4 4 4 4 4 4 4 4 4 4 4 4 4 4 4 4 4 4 4 4 4 4 4 4 4 4 4 4 4 4 4 4 4 4 4 4 4 4 4 4 4 4 4 4 4 4 4 4 4 4 4 4 4 4 4 4 4 4 4 4 4 4 4 4 4 4 4 4 4 4 4 4 4 4 4 4 4 4 4 4 4 4 4 4 4 4 4 4 4 4 4 4 4 4 4 4 4 4 4 4 4 4 4 4 4 4 4 4 4 4 4 4 4 4 4 4 4 4 4 4 4 4 4 4 4 4 4 4 4 4 4 4 4 4 4 4 4 4 4 4 4 4 4 4 4 4 4 4 4 4 4 4 4 4 4 4 4 4 4 4 4 4 4 4 4 4 4 4 4 4 4 4 4 4 4 4 4 4 4 4 4 4 4 4 4 4 4 4 4 4 4 4 4 4 4 4 4 4 4 4 4 4 4 4 4 4 4 4 4 4 4 4 4 4 4 4 4 4 4 4 4 4 4 4 4 4 4 4 4 4 4 4 4 4 4 4 4 4 4 4 4 4 4 4 4 4 4 4 4 4 4 4 4 4 4 4 4 4 4 4 4 4 4 4 4 4 4 4 4 4 4 4 4 4 4 4 4 4 4 4 4 4 4 4 4 4 4 4 4 4 4 4 4 4 4 4 4 4 4 4 4 4 4 4 4 4 4 4 4 4 4 4 4 4 4 4 4 4 4 4 4 4 4 4 4 4 4 4 4 4 4 4 4 4 4 4 4 4 4 4 4 4 4 4 4 4 4 4 4 
475 164 333 169 
430 62 16 102 
347 153 29 48 
383 118 450 33 
323 1 328 180 
130 24 287 1 
159 181 498 6 
81 158 325 39 
173 169 312 234 
276 129 394 234 
21 135 492 128 
349 161 155 211 
375 33 384 32 
223 70 283 129 
156 109 2 102 
110 116 249 34 
258 231 167 31 
69 91 353 90 
317 129 98 17 
381 163 213 19 
132 186 479 117 
356 212 121 154 
418 119 18 32 
175 93 436 93 
363 211 186 236 
205 46 127 212 
299 31 500 156 
192 157 424 133 
37 248 398 111 
238 118 449 129 
261 210 320 236 
412 117 314 93 
40 5 235 106 
146 116 119 206 
338 74 68 201 
467 29 54 8 
318 96 280 214 
346 29 263 68 
269 6 93 148 
295 153 461 24 
153 33 233 42 
176 103 278 147 
185 37 222 225 
274 90 23 79 
49 180 256 119 
230 33 464 90 
135 113 327 6 
463 192 284 129 
11 24 342 119 
301 186 91 106 
136 102 451 140 
220 40 9 158 
476 223 217 23 
308 201 8 113 
168 189 126 168 
128 238 493 175 
426 204 354 169 
80 152 275 169 
339 6 227 222 
138 1 239 158 
12 185 124 4 
7 143 59 59 
407 136 103 185 
241 51 310 39 
313 117 491 90 
298 53 365 161 
191 33 294 104 
243 8 289 140 
423 79 355 19 
212 20 214 164 
281 64 380 193 
63 6 193 161 
66 237 259 153 
428 120 324 190 
211 80 224 109 
459 3 291 42 
247 190 50 3 
474 175 319 129 
57 74 160 46 
395 109 285 66 
24 6 416 204 
387 34 335 12 
196 223 260 248 
254 175 77 199 
165 161 366 143 
65 93 330 96 
496 201 218 77 
262 26 177 237 
148 52 376 19 
72 78 400 231 
28 48 182 90 
174 156 427 237 
38 66 82 185 
273 102 184 180 
277 201 210 93 
39 226 431 20 
13 103 83 193 
19 90 389 31 
105 96 486 129 
481 46 445 192 
87 204 188 193 
311 234 421 109 
360 23 268 5 
101 29 86 76 
296 90 495 159 
75 76 472 116 
133 51 293 157 
20 39 397 148 
106 210 61 180 
189 118 151 159 
456 152 362 4 
179 119 52 253 
279 208 425 90 
250 129 444 92 
359 118 440 4 
390 34 367 77 
253 119 134 236 
326 193 183 231 
197 212 209 84 
329 118 345 35 
203 185 1 38 
190 223 403 51 
439 184 288 124 
448 21 234 127 
25 23 487 158 
142 6 33 78 
462 181 368 193 
386 210 484 82 
166 152 396 210 
297 90 364 92 
117 201 480 232 
107 62 73 48 
114 148 446 232 
123 184 17 132 
489 199 129 204 
434 26 149 53 
147 29 270 189 
414 119 432 16 
334 208 290 157 
55 16 157 58 
373 222 67 93 
457 154 246 129 
34 201 26 70 
70 128 332 53 
265 152 232 151 
198 212 443 23 
36 236 228 234 
42 190 369 147 
460 206 392 1 
350 80 252 79 
429 90 286 8 
477 39 292 234 
139 206 231 23 
393 103 15 128 
409 160 266 53 
163 120 468 192 
471 41 104 67 
348 92 111 225 
251 52 321 161 
99 254 304 158 
236 156 378 38 
483 39 401 212 
30 77 337 13 
88 248 43 210 
109 192 226 29 
144 154 97 238 
180 154 84 94 
162 189 62 10 
458 111 113 163 
178 168 494 32 
216 204 206 184 
242 35 51 10 
316 205 131 70 
371 33 417 117 
44 133 71 158 
357 127 379 201 
201 39 208 182 
422 109 473 46 
215 194 406 91 
244 24 137 189 
118 90 79 218 
454 147 351 204 
485 132 89 157 
58 226 490 129 
385 116 419 124 
3 10 305 103 
264 41 120 84 
116 197 48 5 
225 143 315 60 
143 116 455 12 
307 51 35 80 
169 163 64 62 
240 217 309 118 
164 19 465 132 
108 37 22 234 
41 21 47 225 
300 102 343 3 
255 62 154 217 
199 4 452 201 
442 143 161 104 
194 37 447 66 
187 37 361 66 
499 147 56 26 
282 23 92 26 
158 32 46 226 
413 154 195 163 
141 29 352 38 
53 78 95 153 
399 74 60 66 
171 10 358 113 
102 68 237 193 
478 78 257 201 
322 62 112 140 
302 197 32 237 
140 93 125 117 
410 62 453 93 
207 12 382 180 
200 254 221 151 
441 181 344 23 
482 26 219 78 
45 140 435 37 
31 118 470 82 
27 192 145 236 
433 169 404 38 
115 93 94 117 
85 206 267 74 
340 234 78 32 
204 160 5 129 
497 204 76 190 
341 79 374 62 
74 185 372 4 
150 17 331 217 
415 12 306 95 
438 31 388 158 
303 26 420 46 
469 159 100 40 
245 13 229 26 
411 58 170 226 
336 217 466 154 
296 225 402 84 
102 113 370 80 
9 185 6 45 
273 218 152 102 
86 182 272 19 
230 12 96 133 
366 152 405 52 
438 119 248 76 
458 153 181 46 
398 153 445 169 
259 33 122 62 
299 58 257 182 
125 106 168 143 
255 118 361 41 
217 74 461 31 
416 140 364 80 
198 234 408 152 
34 181 172 74 
177 103 433 84 
478 13 90 117 
126 39 441 147 
341 84 322 37 
355 91 488 35 
490 12 400 225 
66 3 69 128 
350 35 437 158 
456 68 137 143 
376 117 313 52 
213 107 480 236 
222 90 45 181 
411 240 10 38 
269 46 1 78 
359 10 17 184 
335 26 14 140 
70 214 4 199 
35 66 312 104 
413 33 283 12 
210 109 377 17 
22 104 13 64 
499 129 271 132 
152 93 107 48 
197 147 49 2 
489 128 219 33 
205 193 178 210 
330 236 214 21 
494 143 348 151 
25 79 112 21 
265 127 42 105 
220 46 53 77 
2 70 238 116 
218 185 488 66 
61 67 91 237 
367 194 278 29 
353 148 329 133 
381 117 440 31 
324 105 387 143 
290 103 303 156 
418 37 73 104 
7 152 345 106 
10 234 111 231 
184 26 97 118 
360 236 175 102 
373 47 160 185 
134 46 164 163 
331 45 327 46 
395 212 235 51 
462 129 493 205 
162 143 166 37 
182 197 32 53 
176 237 48 42 
294 234 268 186 
275 186 202 48 
253 31 170 127 
450 12 93 90 
113 19 342 133 
124 117 362 127 
340 104 201 199 
482 2 141 129 
245 206 343 136 
179 37 4 51 
248 201 460 6 
304 185 333 204 
106 79 412 163 
143 226 29 134 
357 152 370 92 
481 158 321 132 
225 169 80 127 
289 218 393 64 
399 21 195 117 
436 21 94 52 
31 23 391 32 
390 192 382 12 
75 156 287 214 
479 106 397 46 
466 80 363 223 
346 214 349 132 
291 169 347 154 
196 180 315 214 
140 161 204 132 
101 129 374 74 
68 181 55 124 
447 80 191 92 
79 96 44 119 
394 17 39 136 
194 118 434 2 
277 208 72 212 
67 140 77 39 
83 20 356 147 
82 46 202 109 
207 33 300 234 
188 124 473 193 
36 96 37 151 
8 177 317 12 
254 205 132 148 
409 51 28 116 
379 181 439 222 
147 214 46 152 
334 124 267 93 
388 46 396 97 
95 154 389 117 
60 111 47 175 
415 92 148 24 
20 136 429 225 
74 194 150 96 
229 129 54 254 
378 234 23 210 
50 226 114 90 
358 76 485 94 
122 8 208 201 
463 42 452 17 
430 37 142 217 
308 208 328 151 
392 214 192 103 
405 24 203 33 
282 210 57 23 
200 232 475 42 
232 53 233 148 
309 119 239 185 
459 226 161 234 
243 254 149 157 
260 148 261 23 
173 143 133 70 
26 199 88 192 
244 184 383 10 
51 238 154 13 
123 35 63 158 
310 136 157 4 
495 12 59 129 
286 62 138 90 
216 140 470 21 
104 117 65 102 
421 48 301 95 
146 8 236 59 
121 33 240 13 
276 78 422 161 
96 10 64 238 
288 236 118 217 
380 236 410 104 
427 35 128 236 
41 140 156 132 
145 96 158 189 
40 204 263 157 
297 175 271 70 
417 31 497 201 
465 184 472 152 
180 156 76 84 
274 206 43 97 
242 151 453 74 
159 204 337 6 
211 92 414 37 
424 105 491 217 
5 12 474 26 
262 2 250 156 
464 148 105 21 
209 157 90 52 
293 84 377 234 
14 181 437 77 
199 58 228 109 
234 116 249 143 
171 23 33 77 
224 51 444 53 
131 160 476 135 
320 193 256 169 
408 143 352 91 
351 186 423 84 
484 93 305 64 
12 33 326 6 
27 148 319 78 
231 79 402 169 
449 181 284 147 
372 31 130 31 
3 79 498 90 
258 16 89 68 
365 109 163 177 
406 128 251 24 
391 143 52 254 
302 248 127 78 
281 187 454 78 
344 45 403 70 
136 199 139 6 
428 2 193 94 
212 210 30 78 
280 182 98 96 
108 119 298 151 
443 238 172 124 
420 40 332 237 
469 197 174 24 
100 78 215 77 
448 74 167 37 
58 136 153 111 
279 192 270 237 
183 16 339 206 
186 74 477 136 
117 204 226 182 
323 90 368 46 
431 236 221 180 
496 96 99 232 
169 64 241 19 
401 206 435 52 
119 136 354 42 
19 205 318 232 
110 152 314 102 
451 218 6 217 
375 40 185 132 
252 3 386 20 
78 211 109 248 
116 124 264 132 
223 160 56 31 
384 189 486 147 
18 211 84 132 
442 189 81 6 
455 159 325 199 
190 67 425 46 
62 79 165 82 
407 206 266 92 
404 214 295 33 
16 109 246 147 
371 111 419 236 
487 185 206 35 
144 66 38 41 
71 193 11 117 
432 201 468 248 
500 80 471 160 
369 129 483 199 
457 153 306 218 
316 248 15 19 
92 175 492 19 
227 41 292 102 
181 197 311 62 
85 39 87 140 
307 39 285 92 
446 225 467 38 
426 181 336 6 
115 74 247 84 
103 33 21 151 
135 152 338 124 
129 181 237 20 
120 10 272 163 
24 158 151 12 
189 31 385 127 
155 223 187 48 
459 136 250 59 
124 31 187 62 
117 218 143 127 
173 133 484 74 
248 182 142 90 
183 225 487 194 
423 157 427 106 
59 181 152 218 
68 204 274 1 
120 157 72 206 
336 90 277 17 
261 20 46 127 
178 97 58 3 
134 193 157 127 
432 124 393 237 
216 181 481 6 
9 77 343 226 
408 113 299 24 
30 40 230 92 
92 180 249 192 
467 182 346 182 
362 240 131 51 
292 212 361 47 
41 96 226 214 
445 5 431 193 
48 192 476 180 
123 80 269 193 
243 253 363 32 
422 21 222 205 
217 236 209 10 
441 204 6 254 
406 107 405 117 
119 39 14 147 
137 192 54 253 
107 37 159 140 
111 16 483 106 
103 46 252 238 
81 193 169 135 
402 190 106 168 
158 248 490 147 
133 160 415 159 
463 169 330 232 
349 94 369 29 
288 96 255 116 
270 157 67 102 
109 208 66 64 
47 205 86 34 
175 218 471 132 
383 238 25 238 
55 208 434 129 
418 118 202 132 
57 45 461 26 
203 46 147 182 
378 17 482 129 
241 199 382 175 
322 52 306 42 
379 204 451 102 
63 193 425 148 
156 70 160 33 
200 45 2 199 
239 77 416 147 
73 234 236 181 
108 31 348 180 
180 80 185 41 
146 254 313 67 
326 158 151 92 
32 157 89 3 
64 74 273 93 
42 84 496 208 
245 1 186 62 
19 225 246 12 
20 6 298 180 
473 158 279 148 
94 24 350 184 
84 82 116 148 
450 92 474 12 
219 40 193 132 
466 156 223 51 
462 156 267 21 
96 105 284 29 
374 238 491 6 
207 92 412 19 
385 152 286 234 
479 184 334 16 
251 117 238 62 
355 107 118 13 
138 206 253 37 
141 147 258 225 
478 129 337 217 
305 3 289 93 
499 12 389 52 
224 70 357 226 
380 46 82 40 
62 157 495 92 
240 6 290 68 
399 82 163 29 
112 218 149 237 
493 225 227 66 
301 42 260 192 
421 132 76 105 
396 168 17 222 
192 3 327 193 
16 212 122 104 
302 192 214 95 
36 124 468 208 
492 91 317 13 
167 118 10 91 
70 1 28 62 
409 70 75 204 
184 12 338 96 
39 3 53 40 
324 169 388 193 
78 205 1 147 
413 153 206 66 
56 156 162 34 
247 105 212 158 
465 160 464 197 
386 158 449 156 
381 19 417 4 
435 48 320 46 
429 175 145 124 
401 147 440 52 
278 12 365 21 
242 80 50 136 
215 158 438 118 
232 180 128 74 
276 13 31 238 
442 192 259 111 
165 94 333 186 
266 151 356 78 
213 91 52 8 
168 34 211 66 
170 152 318 236 
26 212 3 157 
387 189 71 46 
139 136 13 237 
105 140 488 24 
314 218 113 134 
392 128 114 46 
264 160 177 3 
335 175 419 96 
40 186 135 68 
340 48 83 46 
7 113 321 94 
364 66 498 13 
384 143 90 24 
275 5 231 3 
61 223 148 117 
407 39 428 177 
237 236 44 143 
80 116 359 238 
366 68 394 91 
126 158 121 111 
87 147 300 109 
444 180 310 206 
480 96 424 79 
456 113 403 160 
485 161 93 46 
458 33 397 197 
88 148 263 3 
319 13 453 82 
60 92 375 46 
181 90 436 82 
115 21 395 234 
130 156 166 133 
164 134 5 147 
414 31 339 128 
293 10 281 163 
233 164 294 62 
45 204 404 29 
291 192 295 111 
411 127 439 132 
377 91 309 37 
469 92 208 34 
234 226 430 48 
8 76 15 91 
308 17 199 127 
140 109 11 52 
189 119 150 208 
280 29 433 190 
500 66 27 208 
475 148 311 8 
171 238 426 147 
391 248 205 236 
254 90 304 194 
4 19 225 119 
161 48 244 66 
400 232 110 127 
29 234 155 205 
410 8 85 136 
190 180 22 134 
354 5 182 46 
262 129 344 236 
486 29 372 117 
489 206 235 237 
272 134 23 168 
271 48 49 26 
307 19 331 232 
104 24 351 5 
342 59 367 158 
201 19 33 40 
352 17 69 107 
176 64 154 90 
34 218 12 40 
43 79 38 222 
218 158 345 51 
257 34 328 92 
455 33 100 33 
256 143 51 118 
457 111 179 31 
136 212 341 157 
65 140 97 23 
370 66 373 66 
371 154 376 163 
282 20 172 104 
153 154 188 197 
196 67 452 208 
446 231 191 12 
360 74 368 158 
204 37 448 82 
144 156 132 42 
358 58 24 46 
220 33 315 1 
447 111 285 80 
494 248 91 51 
437 194 194 119 
102 143 477 206 
420 185 297 205 
347 33 198 109 
353 46 221 53 
229 2 303 31 
79 21 325 106 
37 159 101 147 
195 134 296 175 
98 201 35 111 
18 205 398 154 
197 78 174 31 
265 116 129 218 
268 169 287 60 
210 161 472 127 
316 192 283 78 
332 189 74 158 
228 212 460 199 
329 152 454 102 
390 143 323 206 
470 93 99 45 
312 62 443 3 
125 184 77 51 
127 206 95 33 
497 181 21 157 
192 68 413 111 
190 135 236 129 
14 204 278 129 
135 143 208 76 
337 90 379 218 
172 96 489 6 
106 97 393 3 
439 160 206 24 
451 93 91 35 
163 2 219 77 
128 62 107 52 
181 148 312 8 
169 187 461 156 
494 189 263 103 
164 117 109 148 
491 13 42 169 
82 33 230 159 
282 158 336 13 
40 169 458 154 
386 23 396 79 
104 52 376 134 
249 189 338 104 
358 177 399 93 
397 90 344 74 
432 208 51 23 
62 84 348 53 
12 46 214 188 
119 6 199 240 
279 248 101 12 
332 157 394 38 
8 58 472 226 
211 111 457 33 
361 222 485 82 
326 46 158 143 
203 40 129 201 
264 37 488 184 
136 70 3 84 
356 206 200 217 
275 204 421 70 
486 12 430 52 
207 159 215 185 
195 19 471 37 
17 160 20 206 
477 6 23 97 
90 67 68 218 
469 40 125 51 
41 218 130 26 
245 90 204 41 
18 223 33 33 
255 48 492 107 
118 6 127 147 
115 82 455 92 
177 64 453 21 
388 6 291 5 
468 148 400 16 
131 109 407 6 
429 205 81 46 
143 152 46 116 
257 76 116 193 
273 140 133 109 
25 3 201 51 
63 46 452 96 
191 159 123 151 
78 223 323 13 
408 68 467 214 
248 34 293 79 
414 118 418 31 
180 66 343 45 
167 119 147 38 
95 111 314 140 
113 117 28 118 
357 116 297 225 
10 17 65 218 
369 12 438 37 
447 92 288 232 
66 103 437 185 
22 48 329 37 
13 3 154 6 
478 12 311 104 
64 236 389 4 
89 103 174 26 
482 180 322 48 
267 82 166 118 
175 140 406 19 
392 60 221 92 
442 34 228 102 
43 168 321 82 
5 29 359 23 
299 59 188 148 
345 237 261 158 
247 169 186 238 
239 194 401 78 
233 186 187 52 
333 5 54 116 
463 5 265 226 
117 181 137 34 
50 45 241 39 
328 53 160 40 
29 104 445 42 
298 92 480 124 
398 33 253 118 
55 201 27 248 
142 13 473 6 
446 16 364 111 
427 51 481 193 
387 192 159 147 
74 77 161 134 
220 185 242 184 
198 102 144 80 
258 232 210 21 
325 103 415 33 
35 92 36 232 
76 169 162 192 
435 62 383 23 
49 129 443 79 
145 232 83 236 
155 32 271 109 
334 201 487 77 
370 111 21 237 
459 45 302 205 
281 135 444 151 
410 234 71 6 
318 124 350 151 
384 248 313 24 
244 35 38 47 
292 109 173 119 
303 24 355 128 
126 20 96 79 
277 96 456 143 
92 12 380 20 
280 38 183 232 
315 128 362 58 
436 74 416 181 
307 199 324 84 
222 175 238 48 
319 12 309 31 
205 20 112 96 
121 153 391 189 
450 159 150 201 
464 46 24 193 
44 169 217 45 
45 147 316 197 
226 38 498 217 
94 67 496 17 
103 40 171 118 
353 197 466 66 
254 225 484 21 
320 20 86 201 
295 154 268 204 
218 194 122 234 
349 82 149 189 
216 147 110 226 
272 117 39 45 
381 134 339 199 
58 45 225 133 
276 12 11 67 
111 232 57 236 
403 109 434 180 
2 212 32 189 
124 52 69 19 
301 218 377 38 
417 52 352 234 
67 218 365 93 
138 13 165 132 
156 48 470 74 
53 33 371 153 
426 140 61 135 
327 158 102 152 
424 10 317 78 
266 180 97 10 
287 128 26 102 
16 234 497 218 
250 181 448 93 
425 197 197 206 
100 77 385 226 
375 185 286 104 
490 29 146 253 
223 109 132 164 
428 29 157 240 
232 92 185 160 
274 13 168 192 
476 67 462 59 
209 79 52 116 
260 208 331 254 
422 93 19 175 
59 156 182 148 
360 45 234 152 
341 10 382 26 
141 12 284 12 
367 185 202 70 
80 226 251 67 
409 109 237 46 
99 217 93 197 
411 4 289 102 
79 140 440 117 
483 103 342 5 
212 23 37 53 
346 38 152 140 
70 60 454 38 
73 134 474 180 
351 169 252 23 
246 29 34 204 
85 6 330 124 
378 91 170 116 
259 154 493 90 
213 128 402 105 
77 19 114 197 
285 111 179 118 
368 6 304 77 
300 212 194 31 
374 236 56 24 
229 180 475 186 
372 52 235 35 
243 116 105 218 
419 232 363 205 
296 205 347 111 
140 21 139 39 
6 232 460 128 
340 134 30 33 
189 37 48 169 
420 33 15 107 
134 20 148 67 
305 237 196 135 
499 29 500 154 
390 189 423 10 
433 105 108 118 
231 238 120 79 
269 158 72 147 
479 51 465 222 
441 140 366 113 
262 180 153 153 
395 102 404 182 
31 10 310 6 
227 47 178 79 
88 208 335 180 
306 186 308 96 
270 53 290 3 
7 68 193 82 
60 80 4 39 
495 33 224 160 
75 59 84 161 
47 90 184 175 
151 33 9 194 
354 192 256 133 
87 181 431 46 
412 134 373 41 
176 3 449 59 
294 8 240 90 
98 208 405 67 
1 102 283 13 
1000 102 613 147 271 78 121 38 
909 212 560 199 289 70 15 102 
787 84 634 157 431 79 186 10 
989 39 686 19 319 51 274 199 
838 29 666 147 411 12 228 129 
968 232 531 254 462 217 242 45 
988 68 644 113 298 152 62 143 
781 58 676 76 352 177 54 113 
993 194 517 77 242 185 52 158 
823 17 607 91 299 234 270 38 
906 67 678 52 480 117 49 24 
777 46 704 40 426 33 61 185 
828 3 636 237 278 64 97 103 
753 204 533 147 416 181 273 140 
971 107 676 91 485 19 154 128 
922 234 603 212 476 109 2 102 
793 160 601 222 272 184 134 132 
799 223 736 205 469 211 23 32 
935 175 571 225 460 205 98 90 
793 206 572 6 362 136 108 39 
869 237 750 157 494 151 11 135 
827 48 691 134 278 104 195 234 
794 97 696 168 365 210 44 79 
890 193 722 46 498 158 81 6 
811 3 549 238 286 79 125 23 
921 102 634 212 382 199 143 70 
852 248 681 208 427 148 223 192 
821 118 608 62 354 116 91 48 
849 104 689 234 323 134 3 48 
969 33 519 40 441 78 163 77 
983 10 627 238 330 23 222 118 
909 189 567 157 308 53 214 237 
799 33 701 40 419 77 126 78 
952 204 704 218 257 181 143 201 
862 92 735 111 275 66 191 80 
862 232 605 124 351 96 147 236 
947 53 733 159 351 151 29 248 
875 47 705 222 479 41 93 66 
903 45 611 3 343 136 96 226 
769 169 642 186 401 204 33 5 
797 218 524 96 399 140 196 21 
766 169 569 84 287 105 148 190 
837 168 705 79 406 97 164 210 
891 169 650 143 342 119 175 133 
892 147 670 204 269 181 221 140 
808 116 512 127 356 152 205 226 
992 90 547 205 360 175 196 225 
970 169 526 192 309 42 188 5 
865 129 697 26 281 2 45 180 
847 45 624 136 366 226 77 3 
775 23 709 118 384 238 172 10 
933 116 631 8 435 254 112 253 
916 33 611 40 288 77 208 78 
844 116 534 253 364 254 36 8 
852 201 550 208 340 124 140 16 
961 24 615 156 467 31 203 26 
907 236 552 45 374 23 79 74 
905 45 513 3 449 136 184 226 
936 156 508 181 387 129 62 59 
989 80 662 92 360 111 209 66 
917 135 648 223 291 67 109 180 
776 84 594 157 473 79 168 10 
812 46 558 193 385 158 72 6 
830 236 568 74 395 238 192 62 
823 218 712 140 390 102 86 93 
826 103 546 64 264 3 73 237 
913 218 545 102 346 140 141 93 
795 218 509 204 340 181 35 201 
910 19 702 107 264 128 18 91 
949 60 608 1 274 214 144 128 
872 6 635 46 480 193 175 158 
978 147 510 206 345 212 90 78 
950 134 562 234 297 104 132 48 
857 77 742 158 363 194 231 185 
991 59 609 204 332 156 106 76 
863 169 600 105 405 84 229 190 
957 19 748 51 346 39 84 199 
814 223 613 205 465 211 227 32 
945 140 732 21 342 96 181 218 
941 226 651 116 326 127 58 152 
807 46 538 193 470 6 8 158 
767 33 593 40 348 46 93 185 
866 236 643 46 347 20 97 193 
991 161 575 82 469 132 167 94 
953 6 690 136 489 39 226 206 
898 201 547 34 244 182 104 76 
995 181 654 147 489 140 101 204 
985 208 660 148 382 192 164 248 
831 103 567 3 432 68 183 157 
795 67 646 24 414 52 259 117 
759 35 725 51 291 237 50 106 
880 12 520 180 486 175 204 26 
943 197 658 46 313 90 39 148 
894 67 574 24 329 52 225 117 
820 111 749 33 359 154 208 153 
878 79 580 105 395 10 245 133 
920 10 712 23 300 118 166 238 
999 208 735 201 442 96 19 17 
943 217 746 45 456 232 160 254 
925 77 708 33 447 78 236 40 
779 12 733 147 339 129 104 29 
918 152 727 143 241 113 211 68 
895 40 537 46 494 33 63 185 
771 52 699 24 390 117 157 67 
964 218 637 140 413 21 99 96 
757 97 539 168 322 79 109 210 
761 52 535 37 280 48 132 62 
976 118 563 31 443 119 195 37 
765 148 546 208 465 248 165 192 
902 226 688 127 461 152 16 116 
907 232 536 16 299 231 158 225 
887 96 597 218 286 21 213 140 
821 117 638 134 314 19 169 163 
957 197 639 46 366 90 133 148 
802 82 664 21 493 74 225 93 
809 193 575 148 466 124 188 197 
846 181 503 218 453 204 131 201 
801 6 586 13 396 217 181 90 
778 6 533 39 459 136 34 206 
977 79 510 157 497 10 187 84 
888 153 653 111 393 33 22 154 
900 234 603 104 368 8 250 62 
813 151 527 80 385 35 134 184 
910 52 502 31 315 117 61 4 
796 51 748 184 252 106 215 117 
878 20 653 158 260 39 55 168 
801 147 749 206 436 78 26 212 
761 62 626 74 398 236 56 238 
785 201 738 218 496 181 135 204 
797 26 665 156 430 31 6 24 
806 109 522 51 421 160 173 70 
928 164 721 42 353 148 21 186 
810 109 541 160 381 70 107 51 
972 20 514 193 303 46 117 236 
754 143 642 68 495 152 47 113 
787 70 711 212 439 199 51 102 
846 34 534 192 266 143 180 189 
914 13 587 206 388 90 60 1 
967 39 636 136 439 6 153 206 
967 21 678 109 338 161 215 93 
939 12 588 147 317 129 207 29 
853 13 505 90 370 217 126 6 
808 152 503 127 323 226 190 116 
859 80 721 156 479 66 166 154 
866 232 621 124 400 96 223 236 
927 253 565 254 392 8 34 116 
819 38 553 182 356 214 137 29 
972 67 648 117 361 24 89 52 
901 189 597 237 379 157 136 53 
889 201 679 208 363 96 232 17 
993 33 566 92 498 12 110 159 
948 140 508 218 280 93 243 102 
981 153 716 154 449 111 41 33 
828 6 703 90 384 13 198 217 
867 32 689 205 500 223 12 211 
915 48 559 70 399 132 15 109 
929 240 514 127 386 4 140 58 
784 143 540 248 400 189 205 32 
856 147 535 140 408 204 7 181 
848 40 559 33 302 185 79 46 
857 134 687 48 378 234 200 104 
863 192 615 34 307 143 168 189 
760 2 596 29 433 177 156 120 
765 117 666 134 303 163 194 19 
914 132 629 94 473 82 85 161 
833 118 665 133 307 37 129 152 
819 119 607 118 448 37 17 31 
931 192 632 34 252 143 55 189 
763 187 538 135 457 64 192 163 
954 116 633 152 312 127 238 226 
895 118 683 238 419 23 210 10 
756 96 715 104 444 124 257 74 
876 119 504 133 381 143 9 169 
831 26 737 31 446 24 92 156 
834 140 548 218 301 102 24 93 
997 3 703 64 309 237 42 103 
803 64 640 3 258 103 88 237 
984 79 513 97 283 210 170 168 
958 118 710 31 319 37 112 119 
818 66 564 80 405 156 167 154 
762 148 663 90 488 197 248 46 
936 148 692 46 308 197 91 90 
881 232 506 225 451 16 118 231 
992 175 610 12 300 26 94 180 
930 160 564 41 463 132 43 37 
841 238 570 62 452 74 25 236 
843 52 502 62 500 48 202 37 
839 148 716 197 350 124 101 193 
970 37 679 119 499 31 110 118 
752 135 691 180 472 67 122 223 
813 159 718 12 341 92 67 33 
751 68 602 3 372 103 28 157 
988 82 577 132 440 94 72 161 
960 31 726 119 344 118 201 37 
792 19 734 134 328 117 206 163 
973 135 717 67 337 180 83 223 
924 206 737 78 281 147 119 212 
859 102 729 109 256 234 146 212 
778 240 677 127 417 58 199 4 
788 217 560 45 375 232 218 254 
811 51 701 19 316 199 177 39 
940 70 551 132 348 109 311 48 
785 40 553 46 373 33 121 185 
798 41 720 37 338 132 228 160 
887 20 684 236 283 193 26 46 
758 24 614 66 478 35 171 184 
791 159 582 92 349 33 217 12 
754 76 674 34 368 201 177 182 
933 79 530 10 414 157 119 84 
860 21 740 161 277 109 95 93 
782 111 632 66 409 92 75 80 
947 23 616 158 441 210 70 20 
956 128 631 91 268 107 20 19 
777 188 604 95 284 21 70 164 
791 185 625 158 447 77 179 194 
902 147 516 181 389 140 171 204 
891 45 530 236 254 74 53 23 
900 194 706 158 290 185 87 77 
760 77 577 40 282 33 220 78 
858 185 723 33 288 46 52 40 
835 92 730 53 455 180 218 151 
885 175 529 205 269 90 43 225 
928 109 578 51 467 160 14 70 
990 160 592 70 420 51 75 109 
905 133 686 119 326 169 189 143 
893 38 524 214 453 182 165 29 
984 47 598 66 487 41 59 222 
836 102 743 212 417 109 147 234 
962 180 731 2 364 129 237 26 
767 159 519 92 245 12 46 33 
977 238 647 3 428 79 153 23 
930 92 626 180 376 53 145 151 
843 186 669 164 376 148 41 42 
937 152 675 226 418 116 124 127 
963 35 695 237 305 51 33 106 
752 129 562 181 392 59 161 156 
942 46 650 236 496 20 211 193 
885 48 585 62 289 116 30 118 
842 194 561 77 377 185 60 158 
998 90 595 6 393 13 193 217 
847 39 555 199 457 19 64 51 
858 184 624 80 407 151 172 35 
964 116 528 253 379 254 68 8 
875 35 687 66 383 184 180 24 
798 90 570 1 318 206 237 13 
952 29 571 12 476 147 142 129 
841 169 616 105 493 84 77 190 
816 34 505 182 320 201 247 76 
772 189 520 192 418 143 16 34 
923 181 501 59 412 156 114 129 
941 67 585 117 434 24 159 52 
951 23 537 238 464 3 150 79 
851 118 587 37 312 31 117 119 
897 225 685 90 353 205 84 175 
800 48 544 116 253 118 198 62 
994 133 709 143 422 169 45 119 
809 76 707 34 251 182 212 201 
860 232 588 225 432 16 17 231 
955 154 628 111 250 33 73 153 
934 208 599 192 380 148 83 248 
840 158 512 20 380 23 31 210 
981 180 693 129 412 2 88 26 
764 103 660 3 401 157 38 68 
786 37 640 160 466 132 187 41 
845 226 738 116 287 127 145 152 
920 180 630 151 474 92 155 53 
833 82 579 21 357 93 226 74 
899 204 739 169 310 186 103 5 
978 158 527 193 271 46 39 6 
987 53 545 157 450 237 137 189 
867 109 697 48 402 70 279 132 
903 117 696 134 497 163 244 19 
810 140 568 93 243 218 94 102 
931 13 509 1 406 206 44 90 
789 204 647 5 311 186 58 169 
906 12 627 13 394 78 10 129 
879 96 511 17 345 208 95 201 
753 129 623 12 292 29 42 147 
779 248 573 148 450 192 113 208 
881 38 680 29 442 182 37 214 
871 135 668 163 437 187 71 64 
768 158 715 20 374 210 204 23 
1000 13 741 78 276 12 14 129 
939 12 580 29 429 147 48 129 
958 111 724 80 490 92 80 66 
926 104 583 234 388 62 151 8 
921 128 739 60 332 214 6 1 
825 232 544 96 396 236 123 124 
944 102 590 93 327 218 68 140 
987 3 595 68 296 103 139 157 
804 5 671 192 336 169 76 42 
876 109 523 212 487 102 152 234 
816 79 668 10 415 84 107 157 
998 8 669 62 310 234 67 104 
899 154 671 111 475 33 40 153 
966 205 734 175 240 225 105 90 
822 225 728 205 402 175 130 90 
850 92 572 180 443 151 66 53 
839 59 518 24 251 58 27 31 
960 212 654 109 349 234 197 102 
911 218 599 42 391 95 50 186 
870 205 604 192 436 248 214 197 
877 24 731 31 296 156 235 26 
959 77 685 194 321 185 160 158 
973 237 590 3 425 64 186 103 
986 186 556 42 484 218 233 95 
884 199 698 19 490 39 191 51 
986 96 677 17 371 208 54 201 
886 31 673 37 377 119 193 118 
983 6 655 206 386 136 64 39 
829 104 682 8 488 62 102 234 
762 8 747 62 275 104 9 234 
874 24 565 67 267 52 65 117 
820 140 638 218 461 102 32 93 
882 128 723 1 337 214 189 60 
892 197 741 192 485 248 173 205 
919 78 606 13 352 12 19 129 
873 124 633 236 460 232 37 96 
886 12 661 13 427 78 78 129 
898 20 620 46 422 193 31 236 
837 82 644 94 325 132 159 161 
832 48 556 52 261 37 213 62 
814 13 745 206 454 90 5 1 
884 84 612 169 295 105 74 190 
861 103 732 106 471 199 8 39 
784 46 566 158 426 6 118 193 
918 158 602 193 304 46 47 6 
848 53 707 92 371 151 5 180 
827 37 744 152 293 133 120 118 
953 124 542 232 284 236 86 96 
934 254 698 232 304 45 232 217 
780 157 742 189 445 237 144 53 
844 5 629 186 321 204 1 169 
868 201 584 16 357 124 139 208 
985 180 641 175 273 26 82 12 
768 13 511 90 492 6 239 217 
755 90 589 217 408 6 163 13 
772 104 610 96 495 124 35 74 
904 199 667 128 451 206 59 6 
969 134 643 48 316 104 227 234 
938 10 711 157 261 84 230 79 
946 5 700 59 314 133 49 119 
818 45 517 226 318 136 197 3 
774 74 693 236 438 45 219 23 
840 237 706 51 298 106 120 35 
948 38 521 182 335 214 38 29 
966 111 729 33 336 154 3 153 
776 53 563 180 285 151 158 92 
901 82 543 94 335 132 12 161 
873 151 574 184 265 35 150 80 
951 169 699 5 424 186 182 204 
912 234 702 17 423 91 207 38 
896 197 730 46 293 148 18 90 
994 192 692 5 459 42 57 169 
877 128 586 107 262 91 69 19 
788 206 630 78 347 147 22 212 
822 116 592 226 324 152 176 127 
773 177 722 58 367 76 210 113 
838 23 651 238 272 10 115 118 
937 45 719 74 301 236 103 23 
783 222 523 47 253 41 202 66 
882 58 522 240 315 127 111 4 
965 205 528 32 334 223 25 211 
854 111 645 66 255 80 130 92 
913 93 623 21 433 109 66 161 
980 113 652 68 246 152 85 143 
940 185 700 158 292 194 116 77 
959 6 719 158 454 46 127 193 
824 12 543 29 483 129 148 147 
869 111 713 66 324 92 241 80 
916 153 714 154 477 111 174 33 
963 52 694 117 430 31 231 4 
996 41 713 66 302 47 141 222 
961 236 581 238 339 74 230 62 
926 185 662 46 463 40 13 33 
771 134 714 163 267 117 89 19 
911 38 673 91 415 234 277 17 
954 91 554 17 365 234 161 38 
755 218 557 204 355 181 176 201 
880 20 593 46 397 236 71 193 
904 134 619 19 294 117 20 163 
938 26 555 175 331 12 217 180 
864 23 549 238 383 10 4 118 
874 248 646 143 468 189 13 32 
925 226 583 152 499 127 185 116 
770 23 618 158 464 20 128 210 
856 192 635 189 295 143 82 34 
804 6 612 193 358 46 234 158 
830 4 591 52 359 117 98 31 
975 189 745 143 331 192 116 34 
888 189 684 248 435 143 330 32 
835 60 639 128 372 214 149 1 
757 3 515 237 327 64 154 103 
780 38 652 91 343 17 10 234 
982 102 664 234 305 212 80 109 
770 79 601 168 358 97 129 210 
774 90 659 197 333 46 108 148 
851 33 736 154 249 153 29 111 
773 93 596 82 328 21 209 74 
805 16 688 232 263 225 90 231 
842 78 622 147 458 206 162 212 
956 105 539 190 428 169 240 84 
908 109 657 160 438 70 122 51 
982 182 670 29 475 214 224 38 
999 67 532 117 373 24 246 52 
834 19 532 107 434 128 179 91 
806 6 649 39 474 206 63 136 
815 68 518 113 423 143 256 152 
942 109 609 70 354 51 155 160 
872 234 690 8 397 104 216 62 
944 4 672 127 270 240 238 58 
996 134 582 19 322 163 32 117 
751 111 614 153 276 33 206 154 
817 118 667 31 409 37 138 119 
861 33 541 159 361 92 233 12 
883 181 561 147 255 140 81 204 
912 52 619 4 403 31 174 117 
817 31 551 118 297 37 23 119 
965 232 641 96 477 236 185 124 
971 33 728 185 445 40 235 46 
789 70 600 132 391 48 102 109 
935 93 529 21 394 161 178 109 
975 10 507 157 424 84 69 79 
919 10 656 79 410 105 28 133 
924 197 558 148 472 46 113 90 
917 140 683 147 492 181 57 204 
855 51 507 106 398 35 92 237 
929 29 649 177 440 2 74 120 
807 205 621 175 362 225 151 90 
790 52 675 48 370 37 2 62 
995 46 525 193 455 236 96 20 
775 208 515 124 481 201 138 16 
976 105 680 190 258 84 224 169 
908 180 550 129 344 2 136 26 
864 62 620 48 458 52 221 37 
883 74 663 82 329 21 24 93 
826 185 726 194 416 77 265 158 
824 37 625 118 247 119 234 31 
758 160 672 132 355 222 123 184 
945 117 622 52 294 31 115 4 
980 140 531 204 260 147 219 181 
836 34 628 192 470 189 200 143 
865 79 747 3 444 238 146 23 
871 151 655 180 420 53 114 92 
849 42 525 5 249 169 100 192 
854 16 718 231 491 225 133 232 
825 92 724 111 341 80 201 66 
923 93 720 82 448 74 124 21 
997 59 618 156 429 181 30 129 
889 159 576 92 313 12 4 33 
759 93 557 102 462 218 51 140 
812 96 717 208 369 17 199 201 
803 21 661 82 407 74 216 93 
949 38 744 102 437 78 182 147 
802 92 708 33 471 159 190 12 
879 143 657 113 266 68 111 152 
782 33 710 111 484 153 142 154 
769 154 659 33 248 153 169 111 
870 45 501 136 378 226 76 3 
968 128 743 199 320 6 149 206 
763 156 552 26 254 31 40 24 
932 59 579 156 306 129 127 181 
845 5 542 169 369 42 48 192 
890 46 617 197 413 148 46 90 
979 222 617 160 404 184 194 132 
896 66 578 156 334 80 239 154 
815 214 521 182 491 38 36 29 
805 148 605 208 481 248 156 192 
796 40 674 92 446 197 236 159 
915 74 746 93 389 21 222 82 
792 37 548 132 482 160 157 41 
781 226 740 127 404 152 106 116 
853 6 573 158 350 193 178 46 
950 180 576 12 411 26 78 175 
962 186 682 148 375 42 1 164 
932 67 526 180 421 135 53 223 
794 6 727 206 452 136 152 39 
829 12 589 129 259 13 212 78 
979 51 584 184 333 106 21 117 
850 124 656 96 268 236 131 232 
855 193 516 6 325 158 100 46 
832 180 554 129 317 2 220 26 
946 103 536 106 483 199 162 39 
897 21 504 74 425 93 128 82 
783 82 658 161 367 94 183 132 
790 12 694 29 468 147 99 129 
868 77 506 194 478 185 125 158 
786 184 637 24 290 66 262 35 
756 6 695 206 282 128 135 199 
927 29 540 147 263 12 184 129 
766 13 581 6 410 217 65 90 
800 107 606 91 486 19 11 128 
955 90 598 225 306 205 56 175 
764 189 725 248 285 143 170 32 
990 33 594 92 387 12 105 159 
894 17 569 208 456 96 87 201 
922 218 750 181 403 201 229 204 
893 217 645 13 431 90 7 6 
974 29 591 12 279 129 203 147 
974 154 681 66 482 80 27 156 
