96 12 32
2 16
2 2 2 2 2 2 2 2 2 2 2 2 2 2 2 2 2 2 2 2 2 2 2 2 2 2 2 2 2 2 2 2 2 2 2 2 2 2 2 2 2 2 2 2 2 2 2 2 2 2 2 2 2 2 2 2 2 2 2 2 2 2 2 2 2 2 2 2 2 2 2 2 2 2 2 2 2 2 2 2 2 2 2 2 2 2 2 2 2 2 2 2 2 2 2 2 
16 16 16 16 16 16 16 16 16 16 16 16 
3 24 8 13 
2 27 7 9 
9 30 5 15 
12 14 1 27 
4 14 6 25 
10 13 11 28 
1 11 10 8 
9 9 8 3 
12 9 4 26 
7 31 2 23 
11 9 3 14 
6 20 5 28 
3 15 8 30 
10 11 6 9 
2 25 12 3 
9 12 4 29 
1 26 7 5 
5 9 11 16 
1 1 12 24 
6 13 3 4 
11 13 9 20 
4 10 8 5 
10 2 5 3 
2 3 7 23 
5 6 7 13 
4 4 10 29 
6 14 2 24 
11 23 9 23 
8 6 3 16 
1 29 12 7 
5 5 7 28 
6 19 11 31 
8 17 4 2 
12 19 10 15 
3 13 2 31 
7 11 9 28 
11 16 1 2 
1 6 12 8 
4 8 3 4 
2 14 8 23 
9 29 5 3 
12 7 6 21 
11 7 2 14 
7 13 10 11 
1 24 9 15 
4 13 5 19 
8 24 3 29 
2 30 10 10 
5 29 6 13 
1 2 10 23 
11 12 7 23 
6 30 8 21 
3 6 12 16 
9 21 4 26 
8 14 7 21 
10 6 11 6 
6 7 4 12 
2 28 12 23 
9 17 3 17 
5 12 1 9 
2 4 7 23 
5 19 8 12 
4 22 1 8 
9 25 6 30 
11 5 12 23 
3 12 10 20 
11 4 5 14 
3 31 7 29 
1 12 6 2 
12 5 4 20 
9 16 8 25 
6 22 2 28 
7 19 1 27 
4 24 10 11 
9 4 12 26 
8 2 11 16 
5 15 2 12 
5 20 3 11 
4 4 11 4 
6 29 10 25 
8 9 10 1 
7 21 12 15 
1 11 3 10 
2 23 9 9 
8 8 12 12 
5 6 10 13 
7 6 4 18 
1 23 2 8 
6 7 3 7 
11 5 9 25 
2 20 4 13 
10 4 9 2 
5 10 12 7 
7 30 6 7 
3 16 11 20 
1 11 8 17 
96 11 88 23 83 11 73 27 69 12 63 8 60 9 50 2 45 24 38 6 37 2 30 29 19 1 17 26 7 11 4 27 
91 20 88 8 84 23 77 12 72 28 61 4 58 28 48 30 43 14 40 14 35 31 27 24 24 3 15 25 10 23 2 27 
95 16 89 7 83 10 78 11 68 31 66 12 59 17 53 6 47 29 39 4 35 13 29 16 20 4 13 15 11 14 1 24 
91 13 87 18 79 4 74 24 70 20 63 22 57 12 54 26 46 13 39 8 33 2 26 4 22 10 16 29 9 26 5 14 
93 10 86 6 78 20 77 15 67 14 62 19 60 12 49 29 46 19 41 3 31 5 25 6 23 3 18 9 12 28 3 15 
94 7 89 7 80 29 72 22 69 2 64 30 57 7 52 30 49 13 42 21 32 19 27 14 20 13 14 9 12 20 5 25 
94 30 87 6 82 21 73 19 68 29 61 23 55 21 51 23 44 13 36 11 31 28 25 13 24 23 17 5 10 31 2 9 
96 17 85 8 81 9 76 2 71 25 62 12 55 14 52 21 47 24 40 23 33 17 29 6 22 5 13 30 8 3 1 13 
92 2 90 25 84 9 75 4 71 16 64 25 59 17 54 21 45 15 41 29 36 28 28 23 21 20 16 12 8 9 3 30 
92 4 86 13 81 1 80 25 74 11 66 20 56 6 50 23 48 10 44 11 34 15 26 29 23 2 14 11 7 8 6 13 
95 20 90 5 79 4 76 16 67 4 65 5 56 6 51 12 43 7 37 16 32 31 28 23 21 13 18 16 11 9 6 28 
93 7 85 12 82 15 75 26 70 5 65 23 58 23 53 16 42 7 38 8 34 19 30 7 19 24 15 3 9 9 4 14 
