380 38 64
2 20
2 2 2 2 2 2 2 2 2 2 2 2 2 2 2 2 2 2 2 2 2 2 2 2 2 2 2 2 2 2 2 2 2 2 2 2 2 2 2 2 2 2 2 2 2 2 2 2 2 2 2 2 2 2 2 2 2 2 2 2 2 2 2 2 2 2 2 2 2 2 2 2 2 2 2 2 2 2 2 2 2 2 2 2 2 2 2 2 2 2 2 2 2 2 2 2 2 2 2 2 2 2 2 2 2 2 2 2 2 2 2 2 2 2 2 2 2 2 2 2 2 2 2 2 2 2 2 2 2 2 2 2 2 2 2 2 2 2 2 2 2 2 2 2 2 2 2 2 2 2 2 2 2 2 2 2 2 2 2 2 2 2 2 2 2 2 2 2 2 2 2 2 2 2 2 2 2 2 2 2 2 2 2 2 2 2 2 2 2 2 2 2 2 2 2 2 2 2 2 2 2 2 2 2 2 2 2 2 2 2 2 2 2 2 2 2 2 2 2 2 2 2 2 2 2 2 2 2 2 2 2 2 2 2 2 2 2 2 2 2 2 2 2 2 2 2 2 2 2 2 2 2 2 2 2 2 2 2 2 2 2 2 2 2 2 2 2 2 2 2 2 2 2 2 2 2 2 2 2 2 2 2 2 2 2 2 2 2 2 2 2 2 2 2 2 2 2 2 2 2 2 2 2 2 2 2 2 2 2 2 2 2 2 2 2 2 2 2 2 2 2 2 2 2 2 2 2 2 2 2 2 2 2 2 2 2 2 2 2 2 2 2 2 2 2 2 2 2 2 2 2 2 2 2 2 2 2 2 2 2 2 2 2 2 2 2 2 2 2 2 2 2 2 2 2 2 2 2 2 2 
20 20 20 20 20 20 20 20 20 20 20 20 20 20 20 20 20 20 20 20 20 20 20 20 20 20 20 20 20 20 20 20 20 20 20 20 20 20 
12 8 7 61 
2 4 13 21 
19 33 14 32 
31 12 16 56 
32 48 18 20 
38 37 1 19 
36 34 35 10 
5 36 21 7 
28 2 37 36 
4 21 24 7 
15 54 30 30 
8 18 34 13 
9 41 10 2 
11 43 6 7 
33 7 25 18 
22 27 26 33 
17 42 20 51 
3 23 29 57 
8 52 23 40 
22 47 27 45 
28 22 36 22 
24 46 32 52 
34 61 13 39 
5 61 23 17 
18 11 11 7 
2 26 30 19 
9 13 6 58 
33 31 12 17 
4 13 29 58 
25 53 37 11 
35 20 38 26 
17 54 16 56 
27 20 31 63 
20 22 19 27 
21 21 1 40 
10 8 15 18 
14 25 26 15 
32 45 3 62 
35 58 7 53 
9 16 1 36 
34 8 12 61 
18 63 17 8 
36 59 33 2 
38 25 21 48 
26 62 8 21 
22 2 11 11 
27 20 23 39 
10 3 25 32 
29 50 31 9 
19 51 2 29 
30 24 7 15 
15 13 14 54 
4 43 6 13 
3 40 5 4 
16 41 28 34 
20 11 24 16 
11 46 13 36 
3 30 37 41 
5 54 19 2 
29 8 38 32 
4 13 18 13 
20 54 1 35 
26 27 31 35 
6 3 30 14 
17 6 24 11 
36 2 8 19 
12 61 14 18 
28 52 25 21 
32 13 27 9 
9 7 16 26 
2 27 10 10 
23 47 22 33 
21 62 13 29 
7 49 33 21 
15 12 37 40 
33 29 34 25 
13 30 35 58 
29 30 7 29 
15 63 38 57 
24 51 34 50 
32 8 17 47 
30 43 18 50 
10 28 6 34 
28 33 1 51 
2 5 22 42 
31 22 4 42 
11 6 3 8 
8 63 9 19 
20 36 16 13 
37 34 14 3 
19 61 12 5 
5 56 25 27 
36 33 26 29 
35 53 21 35 
25 61 23 32 
26 12 27 6 
7 44 23 42 
38 62 28 19 
20 53 27 52 
13 43 14 36 
3 4 19 20 
16 12 32 18 
6 34 22 49 
1 8 30 51 
12 38 21 32 
29 38 33 7 
9 61 37 57 
5 57 31 41 
34 28 17 34 
36 37 2 43 
10 42 18 41 
8 34 4 53 
15 5 24 1 
12 9 35 24 
20 63 11 59 
11 39 32 60 
10 56 13 22 
16 37 38 19 
24 30 9 59 
37 20 19 49 
30 44 3 61 
28 59 22 45 
26 57 7 53 
31 11 14 9 
25 32 21 43 
5 47 35 53 
27 57 33 18 
17 31 4 52 
15 7 2 10 
6 47 8 53 
29 1 18 11 
36 47 23 23 
34 23 1 7 
12 60 23 54 
29 43 32 39 
28 50 18 22 
19 21 13 18 
26 55 35 56 
15 16 11 49 
27 17 16 47 
24 41 30 30 
37 52 33 3 
22 36 25 36 
20 55 31 37 
4 15 1 35 
36 54 3 29 
9 51 7 58 
34 2 10 16 
6 24 14 47 
21 36 17 45 
2 30 5 57 
17 29 38 31 
24 33 8 39 
1 48 16 43 
3 51 22 26 
11 47 38 6 
26 38 29 39 
37 28 36 63 
15 53 28 56 
33 15 8 62 
12 36 7 17 
20 45 6 18 
21 5 10 26 
2 55 18 29 
4 55 35 30 
13 52 9 30 
5 58 27 35 
30 27 34 46 
19 27 25 45 
31 32 32 34 
14 1 23 47 
15 62 36 34 
26 49 21 15 
5 61 18 35 
19 10 10 12 
9 23 28 25 
35 1 2 30 
22 24 30 25 
34 42 32 11 
27 36 8 60 
11 51 4 42 
23 48 1 36 
29 57 37 62 
13 12 3 33 
25 35 7 9 
12 57 38 3 
31 23 24 2 
20 40 14 30 
10 27 33 15 
15 17 31 57 
37 6 16 32 
9 33 12 15 
32 10 35 6 
11 1 1 21 
24 37 2 51 
19 54 38 63 
14 30 29 49 
23 16 30 3 
22 39 34 3 
18 37 25 51 
7 20 20 58 
28 38 4 32 
36 34 27 14 
13 46 6 45 
21 5 8 4 
5 38 17 45 
15 54 33 2 
22 24 16 63 
11 56 26 33 
36 51 17 41 
27 40 6 22 
29 55 23 50 
2 63 1 62 
37 58 17 63 
12 43 3 2 
28 47 24 2 
31 52 9 12 
38 15 13 5 
34 21 18 30 
30 42 5 9 
6 48 7 63 
20 54 26 49 
16 8 8 30 
21 45 14 5 
25 23 32 50 
4 50 10 47 
17 5 19 55 
27 4 3 30 
30 6 35 31 
10 9 12 4 
11 57 5 6 
13 20 4 60 
38 17 2 6 
1 1 37 35 
14 4 33 10 
36 23 34 45 
20 5 33 44 
35 56 15 2 
28 40 29 33 
31 42 22 17 
18 30 8 57 
24 7 6 39 
26 28 16 44 
9 10 3 26 
21 39 23 24 
7 14 32 49 
7 31 15 26 
30 38 19 43 
31 9 25 50 
34 58 3 22 
27 12 18 6 
19 22 24 29 
26 32 13 34 
10 34 22 51 
29 8 8 17 
11 14 9 2 
1 13 32 6 
16 33 33 30 
25 43 2 34 
36 1 4 32 
38 6 14 54 
12 40 5 53 
35 48 17 22 
37 4 20 18 
6 55 23 15 
21 16 28 53 
38 31 23 14 
22 54 20 35 
33 39 11 21 
18 36 19 51 
9 58 15 44 
31 60 37 27 
21 63 32 28 
3 3 7 9 
8 27 17 12 
35 58 16 35 
5 60 24 32 
6 40 1 38 
30 26 10 30 
25 48 26 41 
28 52 34 29 
12 1 2 35 
36 13 14 58 
29 45 13 18 
14 21 27 30 
5 46 13 21 
32 33 4 56 
11 63 35 42 
28 2 26 54 
6 25 16 6 
2 41 27 50 
36 59 25 31 
1 18 19 12 
21 57 22 46 
29 45 15 10 
10 22 24 15 
23 41 31 40 
12 15 8 15 
38 33 34 4 
17 5 9 3 
33 57 3 34 
18 31 7 54 
20 60 4 37 
37 32 30 40 
2 28 17 35 
12 54 31 16 
28 43 30 62 
1 41 3 31 
9 63 38 48 
15 25 22 63 
29 4 20 21 
24 52 35 2 
16 28 4 16 
21 23 27 2 
19 9 11 1 
7 52 36 53 
6 49 25 23 
23 6 26 53 
33 53 32 2 
5 47 14 31 
37 61 34 37 
18 20 13 48 
1 35 26 29 
25 19 3 12 
34 13 15 46 
38 63 10 47 
20 4 12 20 
31 62 33 24 
21 63 16 38 
10 54 27 59 
30 57 9 31 
22 55 8 52 
32 34 5 19 
7 27 2 60 
11 36 8 34 
24 11 36 56 
13 47 37 60 
23 60 4 15 
28 16 14 31 
18 1 35 47 
17 22 6 41 
29 56 19 23 
13 51 22 28 
18 38 9 60 
25 14 29 25 
15 10 23 57 
33 11 17 50 
2 52 4 12 
3 61 24 33 
1 9 14 46 
10 10 26 8 
12 13 6 57 
36 32 21 15 
32 41 38 51 
7 61 28 1 
8 3 30 16 
5 24 16 19 
35 10 20 15 
27 11 37 28 
11 57 34 26 
31 23 19 39 
37 6 24 38 
12 32 36 25 
19 55 16 6 
13 54 33 10 
30 21 25 8 
27 31 29 43 
9 23 21 8 
4 32 3 39 
38 45 20 14 
7 47 10 29 
5 37 15 33 
11 9 2 10 
26 5 17 59 
6 46 34 35 
31 4 28 34 
14 8 35 36 
23 56 18 30 
8 23 32 13 
1 42 22 8 
380 42 350 9 323 35 308 41 293 18 278 38 257 13 234 1 213 62 194 21 182 36 154 48 145 35 133 7 104 8 84 51 62 35 40 36 35 40 6 19 
373 10 348 52 334 60 305 28 291 41 282 35 259 34 233 6 213 63 195 51 177 30 164 55 151 30 129 10 110 43 85 5 71 27 50 29 26 26 2 4 
369 39 349 61 324 12 308 31 301 34 274 3 250 22 244 26 228 30 215 2 184 33 155 51 146 29 121 61 101 4 87 8 58 30 54 40 38 62 18 23 
369 32 348 12 338 15 313 16 303 37 287 56 260 32 232 60 226 50 202 32 181 42 165 55 145 15 128 52 112 53 86 42 61 13 53 43 29 13 10 21 
372 37 357 24 333 19 320 47 286 46 277 60 262 53 231 6 220 9 206 38 174 61 167 58 151 57 126 47 108 57 92 56 59 54 54 4 24 61 8 36 
375 46 352 57 341 41 317 49 290 25 278 40 265 55 242 39 221 48 211 22 204 45 162 18 149 24 130 47 103 34 83 34 64 3 53 13 27 58 14 7 
371 47 355 61 334 27 316 52 302 54 274 9 247 31 246 14 221 63 201 20 185 9 161 17 147 58 123 53 97 44 78 29 74 49 51 15 39 53 1 61 
379 23 356 3 335 34 332 52 298 15 275 27 255 17 241 57 223 30 205 4 180 60 160 62 153 39 130 53 112 34 88 63 66 19 45 21 19 52 12 18 
368 23 344 60 331 31 309 63 300 3 271 58 256 2 244 10 217 12 192 33 176 23 166 30 147 51 119 59 107 61 88 19 70 7 40 16 27 13 13 41 
371 29 351 10 330 54 326 47 296 22 279 30 254 34 230 9 226 47 189 27 175 12 163 26 148 16 117 56 111 42 83 28 71 10 48 3 36 8 13 2 
373 9 360 57 335 36 315 1 288 63 269 21 256 14 231 57 209 56 194 1 181 51 156 47 139 49 116 39 115 59 87 6 57 46 46 11 25 7 14 43 
363 32 352 13 327 20 306 54 298 15 282 1 262 40 230 4 215 43 192 15 186 57 161 36 134 60 114 9 105 38 91 5 67 61 41 61 28 17 1 8 
365 54 343 51 337 47 322 48 286 21 284 18 253 34 232 20 218 5 204 46 184 12 166 52 137 18 117 22 100 43 77 30 73 29 57 36 23 39 2 21 
377 8 350 46 339 31 320 31 285 21 283 58 261 54 235 4 224 5 197 30 188 30 171 1 149 47 124 9 100 36 90 3 67 18 52 54 37 25 3 32 
372 33 346 10 325 46 310 25 295 10 271 44 247 26 238 2 207 54 190 17 172 62 159 53 139 16 129 7 113 5 79 63 75 12 52 13 36 18 11 54 
364 6 357 19 329 38 313 28 290 6 276 35 258 33 243 44 223 8 208 63 191 32 154 43 140 47 118 37 102 12 89 13 70 26 55 41 32 56 4 56 
374 59 347 50 341 22 305 35 300 5 275 12 263 22 227 5 214 63 210 41 206 45 152 29 150 45 128 31 109 34 81 47 65 6 42 8 32 54 17 42 
378 30 344 38 340 1 322 20 302 31 270 36 251 6 241 30 219 30 200 37 174 35 164 29 136 22 131 11 111 41 82 50 61 13 42 63 25 11 5 20 
364 55 361 39 342 23 315 9 293 12 270 51 252 22 248 43 227 55 196 54 175 10 169 27 137 21 120 49 101 20 91 61 59 2 50 51 34 27 3 33 
370 14 358 15 327 4 311 21 303 60 268 35 264 18 237 5 222 54 201 58 188 40 162 45 144 55 115 63 99 53 89 36 62 54 56 11 34 22 17 51 
368 8 353 15 329 63 314 23 294 57 273 63 266 16 245 39 224 45 205 5 173 15 163 5 150 36 125 43 105 32 94 35 73 62 44 48 35 21 8 7 
380 8 343 28 332 55 310 63 294 46 268 54 254 51 240 17 208 24 199 39 178 24 155 26 143 36 122 45 103 49 85 42 72 33 46 2 20 47 16 27 
378 56 346 57 338 60 318 6 297 41 267 14 265 15 245 24 212 50 198 16 182 48 171 47 134 54 132 23 97 42 95 32 72 47 47 39 24 17 19 40 
362 38 349 33 336 11 312 52 296 15 277 32 252 29 242 7 216 2 195 37 187 2 153 33 141 41 119 30 113 1 80 51 65 11 56 16 22 46 10 7 
366 8 345 14 324 19 317 23 292 31 280 48 259 43 249 50 225 23 200 51 185 35 169 45 143 36 125 32 95 61 92 27 68 21 48 32 30 53 15 18 
374 5 351 8 323 29 318 53 289 54 280 41 253 32 243 28 222 49 209 33 173 49 157 38 138 55 123 57 96 12 93 29 63 27 45 62 37 15 16 33 
367 31 359 11 330 59 314 2 291 50 285 30 251 12 228 4 211 40 203 14 180 36 167 35 140 17 127 57 99 52 96 6 69 9 47 20 33 20 20 45 
376 34 355 1 339 16 307 43 289 2 281 52 266 53 239 40 216 47 202 38 176 25 159 56 136 50 122 59 98 19 84 33 68 52 55 34 21 22 9 2 
367 43 345 25 342 56 311 4 295 45 284 45 255 8 239 33 212 55 197 49 183 57 157 39 135 43 131 1 106 38 78 30 60 8 49 50 29 58 18 57 
366 21 356 16 331 57 307 62 304 40 279 26 248 38 229 6 220 42 198 3 178 25 168 27 141 30 121 44 104 51 82 43 64 14 51 24 26 19 11 30 
376 4 361 23 328 62 306 16 297 40 272 60 249 9 240 42 217 52 190 57 187 23 170 32 144 37 124 11 108 41 86 22 63 35 49 9 33 63 4 12 
379 13 354 41 333 34 319 2 287 33 273 28 257 6 246 49 225 50 193 10 179 11 170 34 135 39 116 60 102 18 81 8 69 13 38 45 22 52 5 48 
365 10 347 11 328 24 319 53 301 57 269 39 258 30 237 44 235 10 207 2 189 15 160 15 142 3 127 18 106 7 76 29 74 21 43 2 28 31 15 7 
375 35 360 26 325 13 321 37 299 4 281 29 250 58 236 45 219 21 199 3 179 42 168 46 148 2 133 23 109 28 80 50 76 25 41 8 23 61 12 13 
377 36 358 10 340 47 312 2 288 42 276 58 263 48 238 56 229 31 193 6 177 1 165 30 138 56 126 53 114 24 94 53 77 58 39 58 31 20 7 10 
363 25 353 32 336 56 316 53 292 59 283 13 260 1 236 23 210 51 203 34 172 34 158 63 146 54 132 47 110 37 93 33 66 2 43 59 21 22 7 34 
362 6 359 28 337 60 321 61 304 32 272 27 264 4 234 35 214 58 191 6 183 62 158 28 142 52 120 20 107 57 90 34 75 40 58 41 30 11 9 36 
370 45 354 51 326 63 309 48 299 33 267 31 261 6 233 17 218 15 196 63 186 3 156 6 152 31 118 19 98 62 79 57 60 32 44 25 31 26 6 37 
