96 12 64
2 16
2 2 2 2 2 2 2 2 2 2 2 2 2 2 2 2 2 2 2 2 2 2 2 2 2 2 2 2 2 2 2 2 2 2 2 2 2 2 2 2 2 2 2 2 2 2 2 2 2 2 2 2 2 2 2 2 2 2 2 2 2 2 2 2 2 2 2 2 2 2 2 2 2 2 2 2 2 2 2 2 2 2 2 2 2 2 2 2 2 2 2 2 2 2 2 2 
16 16 16 16 16 16 16 16 16 16 16 16 
3 26 8 14 
2 55 7 18 
9 52 5 21 
12 26 1 51 
4 16 6 56 
10 18 11 19 
1 8 10 52 
9 34 8 31 
12 12 4 15 
7 45 2 30 
11 61 3 22 
6 57 5 13 
3 3 8 9 
10 21 6 47 
2 51 12 27 
9 3 4 12 
1 7 7 22 
5 43 11 59 
1 35 12 47 
6 57 3 34 
11 51 9 23 
4 32 8 54 
10 19 5 13 
2 63 7 48 
5 42 7 39 
4 23 10 63 
6 58 2 6 
11 30 9 61 
8 52 3 31 
1 48 12 9 
5 53 7 55 
6 61 11 23 
8 27 4 62 
12 34 10 34 
3 12 2 34 
7 40 9 53 
11 33 1 36 
1 21 12 30 
4 40 3 61 
2 35 8 61 
9 15 5 52 
12 22 6 38 
11 12 2 41 
7 25 10 53 
1 62 9 49 
4 30 5 15 
8 47 3 39 
2 28 10 39 
5 55 6 9 
1 1 10 62 
11 10 7 49 
6 6 8 7 
3 4 12 47 
9 29 4 8 
8 58 7 41 
10 60 11 2 
6 53 4 4 
2 60 12 54 
9 44 3 26 
5 42 1 13 
2 52 7 57 
5 32 8 13 
4 61 1 38 
9 53 6 60 
11 58 12 10 
3 29 10 4 
11 3 5 50 
3 27 7 46 
1 18 6 46 
12 29 4 29 
9 58 8 3 
6 47 2 10 
7 36 1 41 
4 51 10 30 
9 17 12 41 
8 34 11 63 
5 60 2 19 
5 32 3 5 
4 33 11 31 
6 19 10 57 
8 34 10 17 
7 61 12 13 
1 35 3 43 
2 40 9 9 
8 47 12 16 
5 56 10 27 
7 4 4 2 
1 9 2 36 
6 24 3 10 
11 60 9 20 
2 35 4 30 
10 15 9 63 
5 37 12 7 
7 54 6 37 
3 30 11 23 
1 42 8 24 
96 42 88 9 83 35 73 41 69 18 63 38 60 13 50 1 45 62 38 21 37 36 30 48 19 35 17 7 7 8 4 51 
91 35 88 36 84 40 77 19 72 10 61 52 58 60 48 28 43 41 40 35 35 34 27 6 24 63 15 51 10 30 2 55 
95 30 89 10 83 43 78 5 68 27 66 29 59 26 53 4 47 39 39 61 35 12 29 31 20 34 13 3 11 22 1 26 
91 30 87 2 79 33 74 51 70 29 63 61 57 4 54 8 46 30 39 40 33 62 26 23 22 32 16 12 9 15 5 16 
93 37 86 56 78 32 77 60 67 50 62 32 60 42 49 55 46 15 41 52 31 53 25 42 23 13 18 43 12 13 3 21 
94 37 89 24 80 19 72 47 69 46 64 60 57 53 52 6 49 9 42 38 32 61 27 58 20 57 14 47 12 57 5 56 
94 54 87 4 82 61 73 36 68 46 61 57 55 41 51 49 44 25 36 40 31 55 25 39 24 48 17 22 10 45 2 18 
96 24 85 47 81 34 76 34 71 3 62 13 55 58 52 7 47 47 40 61 33 27 29 52 22 54 13 9 8 31 1 14 
92 63 90 20 84 9 75 17 71 58 64 53 59 44 54 29 45 49 41 15 36 53 28 61 21 23 16 3 8 34 3 52 
92 15 86 27 81 17 80 57 74 30 66 4 56 60 50 62 48 39 44 53 34 34 26 63 23 19 14 21 7 52 6 18 
95 23 90 60 79 31 76 63 67 3 65 58 56 2 51 10 43 12 37 33 32 23 28 30 21 51 18 59 11 61 6 19 
93 7 85 16 82 13 75 41 70 29 65 10 58 54 53 47 42 22 38 30 34 34 30 9 19 47 15 27 9 12 4 26 
