100 10 64
2 20
2 2 2 2 2 2 2 2 2 2 2 2 2 2 2 2 2 2 2 2 2 2 2 2 2 2 2 2 2 2 2 2 2 2 2 2 2 2 2 2 2 2 2 2 2 2 2 2 2 2 2 2 2 2 2 2 2 2 2 2 2 2 2 2 2 2 2 2 2 2 2 2 2 2 2 2 2 2 2 2 2 2 2 2 2 2 2 2 2 2 2 2 2 2 2 2 2 2 2 2 
20 20 20 20 20 20 20 20 20 20 
9 41 4 21 
5 36 2 4 
10 2 8 18 
7 61 3 23 
6 7 1 19 
7 53 3 62 
10 8 1 40 
4 13 5 61 
9 13 8 52 
6 58 2 26 
8 21 7 15 
10 3 1 36 
6 13 2 29 
9 16 3 40 
5 4 4 43 
3 30 7 49 
9 7 5 54 
2 27 10 10 
8 19 4 13 
1 35 6 3 
10 28 2 5 
1 51 5 56 
6 34 4 42 
8 63 9 19 
3 8 7 29 
4 53 7 44 
8 34 10 42 
5 57 1 8 
3 4 9 61 
6 34 2 43 
6 47 4 52 
2 10 9 59 
10 56 8 53 
5 47 1 7 
7 53 3 61 
9 51 4 15 
10 16 3 29 
6 24 2 30 
1 35 8 39 
7 58 5 57 
1 48 5 58 
8 62 3 51 
7 17 10 26 
6 18 9 30 
2 55 4 55 
2 30 9 23 
5 61 3 33 
4 42 8 60 
1 36 6 45 
10 12 7 9 
1 21 10 27 
5 38 4 32 
3 2 2 51 
9 33 7 20 
6 22 8 4 
2 63 6 48 
3 30 7 63 
8 30 5 9 
1 62 9 12 
8 57 9 10 
7 14 4 50 
1 1 3 26 
2 6 10 47 
4 60 6 39 
10 9 5 6 
8 17 6 55 
10 34 1 13 
4 32 9 2 
3 22 5 53 
2 34 7 31 
4 56 2 35 
8 27 1 38 
7 9 5 60 
3 3 10 30 
9 58 6 40 
10 22 7 54 
9 3 2 41 
5 46 1 18 
8 15 4 37 
2 28 3 34 
3 31 6 25 
9 63 10 47 
5 47 4 16 
7 52 8 52 
1 41 6 49 
6 41 7 27 
5 19 9 31 
10 54 8 34 
4 15 3 12 
2 60 1 35 
6 57 10 10 
1 9 4 12 
5 24 2 52 
9 60 7 61 
8 3 3 61 
8 23 2 10 
4 32 10 29 
6 46 5 37 
3 39 9 23 
1 42 7 47 
100 42 92 9 90 35 85 41 78 18 72 38 67 13 62 1 59 62 51 21 49 36 41 48 39 35 34 7 28 8 22 51 20 35 12 36 7 40 5 19 
96 10 93 52 90 60 80 28 77 41 71 35 70 34 63 6 56 63 53 51 46 30 45 55 38 30 32 10 30 43 21 5 18 27 13 29 10 26 2 4 
99 39 95 61 89 12 81 31 80 34 74 3 69 22 62 26 57 30 53 2 47 33 42 51 37 29 35 61 29 4 25 8 16 30 14 40 6 62 4 23 
97 32 92 12 89 15 83 16 79 37 71 56 68 32 64 60 61 50 52 32 48 42 45 55 36 15 31 52 26 53 23 42 19 13 15 43 8 13 1 21 
98 37 93 24 87 19 83 47 78 46 73 60 69 53 65 6 58 9 52 38 47 61 41 58 40 57 34 47 28 57 22 56 17 54 15 4 8 61 2 36 
98 46 91 57 86 41 85 49 81 25 75 40 66 55 64 39 56 48 55 22 49 45 44 18 38 24 31 47 30 34 23 34 20 3 13 13 10 58 5 7 
100 47 94 61 86 27 84 52 76 54 73 9 70 31 61 14 57 63 54 20 50 9 43 17 40 58 35 53 26 44 25 29 16 49 11 15 6 53 4 61 
96 23 95 3 88 34 84 52 79 15 72 27 66 17 60 57 58 30 55 4 48 60 42 62 39 39 33 53 27 34 24 63 19 19 11 21 9 52 3 18 
99 23 94 60 87 31 82 63 77 3 75 58 68 2 60 10 59 12 54 33 46 23 44 30 36 51 32 59 29 61 24 19 17 7 14 16 9 13 1 41 
97 29 91 10 88 54 82 47 76 22 74 30 67 34 65 9 63 47 51 27 50 12 43 26 37 16 33 56 27 42 21 28 18 10 12 3 7 8 3 2 
