160 80 64
2 4
2 2 2 2 2 2 2 2 2 2 2 2 2 2 2 2 2 2 2 2 2 2 2 2 2 2 2 2 2 2 2 2 2 2 2 2 2 2 2 2 2 2 2 2 2 2 2 2 2 2 2 2 2 2 2 2 2 2 2 2 2 2 2 2 2 2 2 2 2 2 2 2 2 2 2 2 2 2 2 2 2 2 2 2 2 2 2 2 2 2 2 2 2 2 2 2 2 2 2 2 2 2 2 2 2 2 2 2 2 2 2 2 2 2 2 2 2 2 2 2 2 2 2 2 2 2 2 2 2 2 2 2 2 2 2 2 2 2 2 2 2 2 2 2 2 2 2 2 2 2 2 2 2 2 2 2 2 2 2 2 
4 4 4 4 4 4 4 4 4 4 4 4 4 4 4 4 4 4 4 4 4 4 4 4 4 4 4 4 4 4 4 4 4 4 4 4 4 4 4 4 4 4 4 4 4 4 4 4 4 4 4 4 4 4 4 4 4 4 4 4 4 4 4 4 4 4 4 4 4 4 4 4 4 4 4 4 4 4 4 4 
3 9 50 6 
34 13 60 28 
64 51 7 35 
76 42 26 10 
32 55 79 29 
27 17 54 2 
38 36 8 49 
12 51 11 9 
30 39 25 21 
63 17 62 28 
4 51 53 57 
24 15 20 18 
56 17 1 1 
71 40 72 56 
9 21 13 30 
36 56 33 47 
80 40 5 35 
2 28 35 29 
40 3 75 29 
73 1 78 6 
41 37 46 42 
68 9 17 10 
48 1 43 58 
61 40 47 57 
37 52 19 16 
44 10 22 48 
45 32 42 54 
18 9 15 54 
74 16 51 6 
58 61 10 9 
28 37 14 4 
57 40 77 63 
67 4 66 63 
52 32 70 40 
39 29 55 7 
49 59 23 1 
16 4 69 24 
45 50 29 2 
63 40 23 52 
5 13 31 42 
73 7 21 11 
3 25 65 5 
40 29 71 51 
53 39 29 46 
74 29 6 1 
41 53 61 4 
18 38 76 19 
26 52 14 38 
75 40 6 24 
80 29 32 4 
10 29 30 59 
58 52 59 37 
43 20 72 62 
54 58 57 4 
20 32 69 50 
36 8 9 35 
60 31 51 56 
39 23 2 3 
44 1 38 3 
64 63 66 9 
8 60 37 29 
47 43 49 5 
19 25 22 27 
67 35 78 45 
1 7 13 29 
21 24 27 4 
50 58 56 35 
68 3 35 28 
12 12 24 32 
28 53 79 10 
77 25 48 29 
62 29 15 4 
11 48 25 35 
70 55 34 10 
17 49 33 34 
55 23 59 45 
52 58 7 54 
16 28 31 15 
4 38 42 17 
46 34 65 8 
39 3 8 11 
74 10 2 40 
27 35 52 14 
70 3 63 44 
51 45 3 57 
20 15 65 34 
17 54 79 7 
21 45 47 48 
25 49 69 37 
22 41 33 8 
75 52 38 57 
7 17 76 27 
53 27 30 31 
1 13 44 23 
29 56 72 60 
34 54 6 53 
64 55 54 43 
48 52 61 51 
31 45 23 40 
43 14 60 30 
37 40 14 21 
15 17 68 23 
46 27 18 16 
71 31 66 16 
57 31 16 44 
5 60 78 19 
24 18 36 27 
73 13 56 54 
77 48 10 23 
41 45 11 30 
4 12 58 17 
55 54 40 23 
26 53 13 31 
80 1 62 31 
67 17 42 4 
19 30 35 31 
28 45 12 25 
50 46 45 60 
32 21 59 61 
9 7 49 26 
45 46 15 35 
25 7 74 7 
59 53 41 61 
36 43 18 63 
64 59 49 36 
50 18 57 51 
29 20 33 5 
11 39 72 58 
54 19 6 44 
32 38 9 49 
61 31 5 18 
22 2 23 29 
44 28 27 54 
79 16 77 22 
63 21 65 47 
71 4 20 61 
35 30 21 62 
42 35 12 38 
78 56 76 34 
75 1 62 30 
43 32 26 11 
68 29 69 15 
7 4 55 38 
39 9 31 8 
19 23 58 24 
53 5 52 20 
47 34 51 19 
4 25 34 49 
10 3 3 41 
80 52 37 1 
13 28 16 52 
8 6 30 3 
24 61 2 55 
56 4 40 9 
14 55 70 28 
67 54 60 29 
28 61 73 11 
48 40 38 30 
17 13 66 38 
1 11 46 19 
160 11 94 13 65 7 13 1 
153 55 82 40 58 3 18 28 
149 41 85 57 42 25 1 9 
148 25 111 12 79 38 11 51 
131 18 106 60 40 13 17 35 
129 44 96 53 49 24 45 1 
143 4 92 17 77 54 3 35 
152 6 81 11 61 60 7 49 
130 49 120 7 56 35 15 21 
149 3 109 23 51 29 30 9 
128 39 110 30 73 48 8 9 
138 38 117 25 69 12 8 51 
151 28 113 31 65 29 15 30 
155 55 101 21 48 38 31 4 
121 35 102 17 72 4 28 54 
151 52 105 44 78 28 37 4 
159 13 87 54 75 49 22 10 
124 63 103 16 47 38 28 9 
145 23 116 30 63 25 25 16 
136 61 86 15 55 32 12 18 
137 62 88 45 66 24 41 11 
132 2 90 41 63 27 26 48 
132 29 99 40 39 52 36 1 
153 61 107 18 69 32 12 15 
122 7 89 49 73 35 9 21 
141 11 113 53 48 52 4 10 
133 54 83 35 66 4 6 17 
157 61 117 45 70 53 31 37 
127 20 95 56 44 46 38 2 
152 3 93 31 51 59 9 39 
144 8 99 45 78 15 40 42 
130 38 119 21 50 4 5 55 
127 5 90 8 75 34 16 47 
148 49 96 54 74 10 2 13 
137 30 116 31 68 28 18 29 
124 43 107 27 56 8 16 56 
150 1 101 40 61 29 25 52 
158 30 91 57 59 3 7 36 
144 9 81 3 58 23 35 29 
154 9 112 23 43 29 19 3 
123 61 110 45 46 53 21 37 
138 35 115 4 79 17 27 54 
141 32 100 14 53 20 23 58 
133 28 94 23 59 1 26 10 
121 46 118 60 38 50 27 32 
160 19 103 27 80 34 21 42 
147 34 88 48 62 43 24 57 
158 40 98 52 71 29 23 1 
125 36 120 26 62 5 36 59 
126 18 118 46 67 58 1 6 
147 19 85 45 57 56 29 6 
146 20 83 14 77 58 34 32 
146 5 93 27 44 39 11 57 
129 19 97 43 54 58 6 2 
143 38 112 54 76 23 35 7 
154 4 108 54 67 35 13 17 
126 51 105 31 54 4 32 40 
145 24 111 17 52 52 30 61 
123 53 119 61 76 45 52 37 
156 29 100 30 57 31 2 28 
131 31 98 51 46 4 24 40 
140 30 114 31 72 29 10 28 
135 21 84 44 39 40 10 17 
125 59 97 55 60 63 3 51 
135 47 86 34 80 8 42 5 
159 38 104 16 60 9 33 63 
156 54 115 17 64 35 33 4 
142 29 102 23 68 3 22 9 
142 15 89 37 55 50 37 24 
155 28 84 3 74 55 34 40 
136 4 104 31 43 51 14 40 
128 58 95 60 53 62 14 56 
157 11 108 13 41 7 20 1 
122 7 82 10 45 29 29 16 
140 1 91 52 49 40 19 29 
139 34 92 27 47 19 4 42 
134 22 109 48 71 25 32 63 
139 56 106 19 64 45 20 6 
134 16 87 7 70 10 5 29 
150 52 114 1 50 29 17 40 
